<?xml version="1.0" encoding="utf-8"?>
<COLLADA xmlns="http://www.collada.org/2005/11/COLLADASchema" version="1.4.1">
  <asset>
    <contributor>
      <author>Mixamo</author>
      <authoring_tool>COLLADA Mixamo exporter</authoring_tool>
      <comments/>
    </contributor>
    <created>2024-12-16T17:13:51Z</created>
    <modified>2024-12-16T17:13:51Z</modified>
    <revision/>
    <title/>
    <unit meter="0.010000"/>
    <up_axis>Y_UP</up_axis>
  </asset>
  <library_animations>
    <animation id="mixamorig_Hips-anim" name="mixamorig_Hips">
      <source id="mixamorig_Hips-Matrix-animation-input">
        <float_array id="mixamorig_Hips-Matrix-animation-input-array" count="67">

0.000000 0.033333 0.066667 0.100000 0.133333 0.166667 0.200000 0.233333 0.266667 0.300000 0.333333 0.366667 0.400000 0.433333 0.466667 0.500000
0.533333 0.566667 0.600000 0.633333 0.666667 0.700000 0.733333 0.766667 0.800000 0.833333 0.866667 0.900000 0.933333 0.966667 1.000000 1.033333
1.066667 1.100000 1.133333 1.166667 1.200000 1.233333 1.266667 1.300000 1.333333 1.366667 1.400000 1.433333 1.466667 1.500000 1.533333 1.566667
1.600000 1.633333 1.666667 1.700000 1.733333 1.766667 1.800000 1.833333 1.866667 1.900000 1.933333 1.966667 2.000000 2.033333 2.066667 2.100000
2.133333 2.166667 2.200000</float_array>
        <technique_common>
          <accessor source="#mixamorig_Hips-Matrix-animation-input-array" count="67">
            <param name="TIME" type="float"/>
          </accessor>
        </technique_common>
      </source>
      <source id="mixamorig_Hips-Matrix-animation-output-transform">
        <float_array id="mixamorig_Hips-Matrix-animation-output-transform-array" count="1072">

0.998909 -0.043190 -0.017774 17.833925 0.044853 0.993209 0.107354 96.747292 0.013016 -0.108034 0.994062 9.212518 0.000000 0.000000 0.000000 1.000000
0.985650 -0.127308 0.110844 17.692051 0.115244 0.987318 0.109188 96.979088 -0.123339 -0.094847 0.987822 9.861251 0.000000 0.000000 0.000000 1.000000
0.958236 -0.190692 0.213120 17.988310 0.172101 0.979701 0.102797 96.262466 -0.228396 -0.061825 0.971603 10.303360 0.000000 0.000000 0.000000 1.000000
0.934503 -0.223996 0.276641 18.820349 0.206887 0.974221 0.089954 94.697121 -0.289659 -0.026829 0.956754 10.399312 0.000000 0.000000 0.000000 1.000000
0.927735 -0.228595 0.295045 19.440655 0.215589 0.973495 0.076351 93.428787 -0.304678 -0.007225 0.952428 10.172701 0.000000 0.000000 0.000000 1.000000
0.930160 -0.222445 0.292098 19.218624 0.213919 0.974930 0.061244 93.440018 -0.298398 0.005519 0.954426 9.861897 0.000000 0.000000 0.000000 1.000000
0.945769 -0.200867 0.255291 18.562361 0.199062 0.979425 0.033166 93.620331 -0.256700 0.019451 0.966295 9.221565 0.000000 0.000000 0.000000 1.000000
0.971744 -0.155644 0.177448 17.138536 0.149787 0.987647 0.046023 94.886169 -0.182419 -0.018143 0.983053 8.241587 0.000000 0.000000 0.000000 1.000000
0.988338 -0.096104 0.118118 15.490214 0.088151 0.993587 0.070817 96.774582 -0.124167 -0.059579 0.990471 7.639344 0.000000 0.000000 0.000000 1.000000
0.995832 -0.037225 0.083261 13.958962 0.028249 0.993911 0.106502 98.092796 -0.086718 -0.103706 0.990820 7.603381 0.000000 0.000000 0.000000 1.000000
0.998167 0.030791 0.052111 12.532949 -0.037055 0.991609 0.123851 97.823296 -0.047860 -0.125554 0.990932 8.107894 0.000000 0.000000 0.000000 1.000000
0.995018 0.099684 -0.001568 11.253621 -0.099270 0.992097 0.076736 95.924950 0.009205 -0.076198 0.997050 8.526965 0.000000 0.000000 0.000000 1.000000
0.989521 0.136683 -0.046533 10.252151 -0.135342 0.990318 0.030857 94.642441 0.050300 -0.024236 0.998440 8.704942 0.000000 0.000000 0.000000 1.000000
0.983388 0.155783 -0.093160 9.054597 -0.157336 0.987499 -0.009515 94.312454 0.090514 0.024014 0.995606 8.687757 0.000000 0.000000 0.000000 1.000000
0.972236 0.175881 -0.154349 7.676876 -0.182232 0.982860 -0.027900 95.337685 0.146796 0.055252 0.987622 8.491100 0.000000 0.000000 0.000000 1.000000
0.972090 0.162752 -0.168977 6.958214 -0.172096 0.984179 -0.042114 98.694695 0.159449 0.070019 0.984720 8.238966 0.000000 0.000000 0.000000 1.000000
0.976545 0.136612 -0.166426 6.438362 -0.146604 0.987968 -0.049253 102.179138 0.157695 0.072497 0.984823 8.076220 0.000000 0.000000 0.000000 1.000000
0.981338 0.105875 -0.160521 5.975828 -0.115624 0.991897 -0.052635 104.940582 0.153648 0.070213 0.985628 7.823760 0.000000 0.000000 0.000000 1.000000
0.985015 0.078421 -0.153607 5.507759 -0.087994 0.994515 -0.056534 105.968987 0.148331 0.069204 0.986513 7.468115 0.000000 0.000000 0.000000 1.000000
0.988027 0.057301 -0.143244 4.894264 -0.066306 0.996059 -0.058899 106.037201 0.139304 0.067691 0.987933 7.155172 0.000000 0.000000 0.000000 1.000000
0.989781 0.043127 -0.135920 4.434365 -0.050028 0.997605 -0.047769 104.095642 0.133534 0.054081 0.989568 7.127538 0.000000 0.000000 0.000000 1.000000
0.990745 0.038108 -0.130274 4.132478 -0.043859 0.998173 -0.041561 102.196365 0.128452 0.046890 0.990607 7.026199 0.000000 0.000000 0.000000 1.000000
0.991999 0.023909 -0.123958 3.870326 -0.028626 0.998927 -0.036415 101.084167 0.122955 0.039672 0.991619 6.574961 0.000000 0.000000 0.000000 1.000000
0.995260 0.003611 -0.097180 3.601888 -0.008130 0.998902 -0.046141 100.493553 0.096907 0.046712 0.994197 6.190254 0.000000 0.000000 0.000000 1.000000
0.999136 0.001889 -0.041511 3.211934 -0.004298 0.998306 -0.058019 100.057961 0.041331 0.058148 0.997452 6.805241 0.000000 0.000000 0.000000 1.000000
0.999535 -0.010690 0.028548 2.559317 0.012427 0.998037 -0.061375 98.861893 -0.027836 0.061701 0.997706 7.847045 0.000000 0.000000 0.000000 1.000000
0.995310 -0.048869 0.083484 1.557367 0.051786 0.998108 -0.033145 97.151230 -0.081706 0.037313 0.995958 9.040435 0.000000 0.000000 0.000000 1.000000
0.990649 -0.083890 0.107598 0.521363 0.082402 0.996433 0.018214 95.036728 -0.108742 -0.009178 0.994028 10.077324 0.000000 0.000000 0.000000 1.000000
0.987485 -0.106644 0.116188 -0.471543 0.100229 0.993170 0.059736 93.111610 -0.121764 -0.047343 0.991429 10.655001 0.000000 0.000000 0.000000 1.000000
0.987287 -0.122975 0.100703 -1.907097 0.113353 0.988880 0.096271 91.984344 -0.111422 -0.083632 0.990248 10.967417 0.000000 0.000000 0.000000 1.000000
0.991229 -0.113521 0.067664 -3.935653 0.103142 0.984628 0.140960 93.058693 -0.082626 -0.132745 0.987700 10.934603 0.000000 0.000000 0.000000 1.000000
0.996741 -0.060880 0.052917 -5.947657 0.052854 0.988499 0.141690 95.442001 -0.060935 -0.138431 0.988496 10.752448 0.000000 0.000000 0.000000 1.000000
0.999149 -0.004110 0.041033 -7.996682 -0.001757 0.989873 0.141944 97.953384 -0.041201 -0.141895 0.989024 10.488605 0.000000 0.000000 0.000000 1.000000
0.998225 0.052989 0.027191 -10.055574 -0.056148 0.989536 0.132912 100.060936 -0.019864 -0.134202 0.990755 10.564976 0.000000 0.000000 0.000000 1.000000
0.993940 0.107764 0.021702 -12.268675 -0.109323 0.989696 0.092467 101.140274 -0.011514 -0.094279 0.995479 11.089924 0.000000 0.000000 0.000000 1.000000
0.990266 0.137360 0.022472 -14.077343 -0.138710 0.987269 0.077841 100.680641 -0.011494 -0.080200 0.996713 11.598951 0.000000 0.000000 0.000000 1.000000
0.987831 0.152311 0.031494 -15.328567 -0.154306 0.985118 0.075710 98.973259 -0.019494 -0.079648 0.996632 11.707498 0.000000 0.000000 0.000000 1.000000
0.986451 0.158041 0.044024 -15.783816 -0.160778 0.984662 0.067763 97.992462 -0.032639 -0.073923 0.996730 11.544271 0.000000 0.000000 0.000000 1.000000
0.986222 0.157003 0.052111 -15.616118 -0.159800 0.985633 0.054699 97.654404 -0.042774 -0.062273 0.997142 11.430704 0.000000 0.000000 0.000000 1.000000
0.986994 0.148372 0.061874 -14.946807 -0.151069 0.987655 0.041432 97.974525 -0.054962 -0.050240 0.997224 11.057617 0.000000 0.000000 0.000000 1.000000
0.989467 0.127537 0.068478 -13.441696 -0.129904 0.991033 0.031288 98.878250 -0.063874 -0.039854 0.997162 10.490038 0.000000 0.000000 0.000000 1.000000
0.991190 0.118457 0.059245 -11.659732 -0.120623 0.992102 0.034415 100.140228 -0.054700 -0.041258 0.997650 10.058187 0.000000 0.000000 0.000000 1.000000
0.993544 0.104685 0.043727 -10.026136 -0.106631 0.993288 0.044830 100.196320 -0.038740 -0.049203 0.998037 10.198242 0.000000 0.000000 0.000000 1.000000
0.996172 0.083678 0.025302 -8.271703 -0.085287 0.993814 0.071136 99.213135 -0.019193 -0.073022 0.997146 11.041245 0.000000 0.000000 0.000000 1.000000
0.997695 0.065561 0.017518 -7.208723 -0.067164 0.990884 0.116780 97.121712 -0.009702 -0.117688 0.993003 11.639073 0.000000 0.000000 0.000000 1.000000
0.998693 0.051097 -0.000895 -6.040295 -0.050297 0.985860 0.159845 96.361191 0.009050 -0.159591 0.987142 11.588537 0.000000 0.000000 0.000000 1.000000
0.998098 0.056957 -0.023569 -4.153764 -0.050749 0.976326 0.210265 97.140350 0.034988 -0.208670 0.977360 11.443168 0.000000 0.000000 0.000000 1.000000
0.997483 0.059648 -0.038337 -2.548742 -0.049184 0.971506 0.231858 99.411835 0.051075 -0.229388 0.971994 11.278785 0.000000 0.000000 0.000000 1.000000
0.996104 0.070721 -0.052682 -1.390142 -0.056827 0.971580 0.229790 101.955666 0.067436 -0.225901 0.971813 10.846817 0.000000 0.000000 0.000000 1.000000
0.993986 0.082766 -0.071700 -0.361147 -0.065466 0.974019 0.216796 104.214233 0.087780 -0.210798 0.973580 10.024774 0.000000 0.000000 0.000000 1.000000
0.990872 0.095315 -0.095328 0.758350 -0.074464 0.976479 0.202348 105.789810 0.112373 -0.193402 0.974663 9.092098 0.000000 0.000000 0.000000 1.000000
0.987062 0.101860 -0.123826 2.145886 -0.079740 0.981856 0.172048 105.173752 0.139104 -0.159949 0.977275 8.857946 0.000000 0.000000 0.000000 1.000000
0.985719 0.099087 -0.136164 2.959224 -0.076935 0.984231 0.159279 103.360374 0.149800 -0.146528 0.977798 8.890959 0.000000 0.000000 0.000000 1.000000
0.986809 0.095742 -0.130544 3.584948 -0.074825 0.984816 0.156651 101.179314 0.143559 -0.144817 0.978989 9.181242 0.000000 0.000000 0.000000 1.000000
0.987484 0.100590 -0.121479 4.181748 -0.080667 0.983971 0.159038 99.753754 0.135530 -0.147249 0.979770 9.394264 0.000000 0.000000 0.000000 1.000000
0.989395 0.102613 -0.102799 5.144930 -0.083729 0.981248 0.173613 98.853714 0.118687 -0.163164 0.979434 9.569674 0.000000 0.000000 0.000000 1.000000
0.990071 0.100691 -0.098083 6.084505 -0.080880 0.978763 0.188365 98.608109 0.114967 -0.178562 0.977189 9.839861 0.000000 0.000000 0.000000 1.000000
0.987268 0.119584 -0.104884 6.886635 -0.100044 0.979467 0.175029 98.295723 0.123661 -0.162308 0.978961 9.867210 0.000000 0.000000 0.000000 1.000000
0.983291 0.139661 -0.116761 7.761261 -0.120542 0.980171 0.157275 98.042328 0.136411 -0.140572 0.980628 9.643421 0.000000 0.000000 0.000000 1.000000
0.976565 0.171503 -0.130027 8.984858 -0.155571 0.979989 0.124175 97.339134 0.148721 -0.101036 0.983704 9.333890 0.000000 0.000000 0.000000 1.000000
0.970964 0.190387 -0.144851 10.288919 -0.175470 0.978353 0.109704 96.108032 0.162602 -0.081102 0.983353 9.242684 0.000000 0.000000 0.000000 1.000000
0.965183 0.188894 -0.180943 11.345700 -0.170621 0.978966 0.111863 94.856842 0.198268 -0.077095 0.977111 9.098390 0.000000 0.000000 0.000000 1.000000
0.955905 0.181182 -0.231124 12.908065 -0.157513 0.980537 0.117202 93.786003 0.247860 -0.075629 0.965839 8.716517 0.000000 0.000000 0.000000 1.000000
0.952740 0.157881 -0.259538 15.099755 -0.135175 0.985429 0.103234 93.683929 0.272055 -0.063272 0.960199 8.484957 0.000000 0.000000 0.000000 1.000000
0.968481 0.107567 -0.224663 17.017677 -0.087065 0.991243 0.099282 94.754372 0.233375 -0.076593 0.969366 8.357141 0.000000 0.000000 0.000000 1.000000
0.989272 0.039959 -0.140511 17.831642 -0.025704 0.994469 0.101835 95.832901 0.143803 -0.097131 0.984828 8.630157 0.000000 0.000000 0.000000 1.000000
0.998909 -0.043190 -0.017774 17.833929 0.044853 0.993209 0.107354 96.747292 0.013017 -0.108034 0.994062 9.212517 0.000000 0.000000 0.000000 1.000000</float_array>
        <technique_common>
          <accessor source="#mixamorig_Hips-Matrix-animation-output-transform-array" count="67" stride="16">
            <param type="float4x4"/>
          </accessor>
        </technique_common>
      </source>
      <source id="mixamorig_Hips-Interpolations">
        <Name_array id="mixamorig_Hips-Interpolations-array" count="67">
 LINEAR LINEAR LINEAR LINEAR LINEAR LINEAR LINEAR LINEAR LINEAR LINEAR LINEAR
LINEAR LINEAR LINEAR LINEAR LINEAR LINEAR LINEAR LINEAR LINEAR LINEAR LINEAR LINEAR
LINEAR LINEAR LINEAR LINEAR LINEAR LINEAR LINEAR LINEAR LINEAR LINEAR LINEAR LINEAR
LINEAR LINEAR LINEAR LINEAR LINEAR LINEAR LINEAR LINEAR LINEAR LINEAR LINEAR LINEAR
LINEAR LINEAR LINEAR LINEAR LINEAR LINEAR LINEAR LINEAR LINEAR LINEAR LINEAR LINEAR
LINEAR LINEAR LINEAR LINEAR LINEAR LINEAR LINEAR LINEAR</Name_array>
        <technique_common>
          <accessor source="#mixamorig_Hips-Interpolations-array" count="67">
            <param type="name"/>
          </accessor>
        </technique_common>
      </source>
      <sampler id="mixamorig_Hips-Matrix-animation-transform">
        <input semantic="INPUT" source="#mixamorig_Hips-Matrix-animation-input"/>
        <input semantic="OUTPUT" source="#mixamorig_Hips-Matrix-animation-output-transform"/>
        <input semantic="INTERPOLATION" source="#mixamorig_Hips-Interpolations"/>
      </sampler>
      <channel source="#mixamorig_Hips-Matrix-animation-transform" target="mixamorig_Hips/matrix"/>
    </animation>
    <animation id="mixamorig_Spine-anim" name="mixamorig_Spine">
      <source id="mixamorig_Spine-Matrix-animation-input">
        <float_array id="mixamorig_Spine-Matrix-animation-input-array" count="67">

0.000000 0.033333 0.066667 0.100000 0.133333 0.166667 0.200000 0.233333 0.266667 0.300000 0.333333 0.366667 0.400000 0.433333 0.466667 0.500000
0.533333 0.566667 0.600000 0.633333 0.666667 0.700000 0.733333 0.766667 0.800000 0.833333 0.866667 0.900000 0.933333 0.966667 1.000000 1.033333
1.066667 1.100000 1.133333 1.166667 1.200000 1.233333 1.266667 1.300000 1.333333 1.366667 1.400000 1.433333 1.466667 1.500000 1.533333 1.566667
1.600000 1.633333 1.666667 1.700000 1.733333 1.766667 1.800000 1.833333 1.866667 1.900000 1.933333 1.966667 2.000000 2.033333 2.066667 2.100000
2.133333 2.166667 2.200000</float_array>
        <technique_common>
          <accessor source="#mixamorig_Spine-Matrix-animation-input-array" count="67">
            <param name="TIME" type="float"/>
          </accessor>
        </technique_common>
      </source>
      <source id="mixamorig_Spine-Matrix-animation-output-transform">
        <float_array id="mixamorig_Spine-Matrix-animation-output-transform-array" count="1072">

0.993947 -0.087539 -0.066378 -0.038100 0.066397 0.960043 -0.271862 9.490500 0.087524 0.265809 0.960044 -1.392100 0.000000 0.000000 0.000000 1.000000
0.994096 -0.027068 -0.105074 -0.038100 0.000741 0.970056 -0.242880 9.490500 0.108502 0.241368 0.964349 -1.392100 0.000000 0.000000 0.000000 1.000000
0.990405 0.020445 -0.136676 -0.038100 -0.047124 0.979684 -0.194930 9.490500 0.129914 0.199500 0.971248 -1.392100 0.000000 0.000000 0.000000 1.000000
0.986295 0.048867 -0.157588 -0.038100 -0.071058 0.987822 -0.138417 9.490500 0.148905 0.147718 0.977756 -1.392100 0.000000 0.000000 0.000000 1.000000
0.985312 0.058798 -0.160319 -0.038100 -0.076169 0.991609 -0.104454 9.490500 0.152832 0.115131 0.981523 -1.392100 0.000000 0.000000 0.000000 1.000000
0.985361 0.069039 -0.155874 -0.038100 -0.084971 0.991555 -0.097974 9.490500 0.147794 0.109784 0.982906 -1.392100 0.000000 0.000000 0.000000 1.000000
0.988522 0.073491 -0.132001 -0.038100 -0.086988 0.991221 -0.099569 9.490500 0.123525 0.109909 0.986236 -1.392100 0.000000 0.000000 0.000000 1.000000
0.992136 0.054541 -0.112657 -0.038100 -0.076066 0.977520 -0.196641 9.490500 0.099400 0.203664 0.973982 -1.392100 0.000000 0.000000 0.000000 1.000000
0.995014 0.016168 -0.098417 -0.038100 -0.044535 0.954960 -0.293372 9.490500 0.089241 0.296293 0.950919 -1.392100 0.000000 0.000000 0.000000 1.000000
0.994010 -0.025378 -0.106302 -0.038100 -0.015830 0.928975 -0.369803 9.490500 0.108137 0.369270 0.923009 -1.392100 0.000000 0.000000 0.000000 1.000000
0.990747 -0.075777 -0.112599 -0.038100 0.027787 0.925301 -0.378214 9.490500 0.132847 0.371586 0.918845 -1.392100 0.000000 0.000000 0.000000 1.000000
0.985955 -0.139302 -0.092124 -0.038100 0.108956 0.954577 -0.277329 9.490500 0.126572 0.263396 0.956348 -1.392100 0.000000 0.000000 0.000000 1.000000
0.979855 -0.183565 -0.078670 -0.038100 0.165935 0.967508 -0.190770 9.490500 0.111132 0.173872 0.978477 -1.392100 0.000000 0.000000 0.000000 1.000000
0.975606 -0.212676 -0.054427 -0.038100 0.203894 0.969720 -0.134425 9.490500 0.081368 0.120049 0.989428 -1.392100 0.000000 0.000000 0.000000 1.000000
0.970772 -0.239820 0.009382 -0.038100 0.239205 0.963616 -0.119270 9.490500 0.019562 0.118028 0.992818 -1.392100 0.000000 0.000000 0.000000 1.000000
0.976081 -0.213687 0.040046 -0.038100 0.216976 0.969070 -0.117576 9.490500 -0.013683 0.123453 0.992256 -1.392100 0.000000 0.000000 0.000000 1.000000
0.981926 -0.177344 0.066113 -0.038100 0.184319 0.975368 -0.121181 9.490500 -0.042994 0.131177 0.990426 -1.392100 0.000000 0.000000 0.000000 1.000000
0.985584 -0.142315 0.091486 -0.038100 0.152940 0.980661 -0.122118 9.490500 -0.072338 0.134349 0.988290 -1.392100 0.000000 0.000000 0.000000 1.000000
0.986003 -0.126082 0.109094 -0.038100 0.137240 0.985308 -0.101657 9.490500 -0.094674 0.115206 0.988820 -1.392100 0.000000 0.000000 0.000000 1.000000
0.985830 -0.117864 0.119360 -0.038100 0.125956 0.990055 -0.062659 9.490500 -0.110787 0.076806 0.990872 -1.392100 0.000000 0.000000 0.000000 1.000000
0.987765 -0.107365 0.113103 -0.038100 0.112185 0.992993 -0.037134 9.490500 -0.108323 0.049369 0.992889 -1.392100 0.000000 0.000000 0.000000 1.000000
0.987513 -0.112161 0.110627 -0.038100 0.117553 0.992115 -0.043466 9.490500 -0.104879 0.055928 0.992911 -1.392100 0.000000 0.000000 0.000000 1.000000
0.985658 -0.113981 0.124449 -0.038100 0.123819 0.989512 -0.074391 9.490500 -0.114664 0.088733 0.989433 -1.392100 0.000000 0.000000 0.000000 1.000000
0.982930 -0.126389 0.133693 -0.038100 0.137589 0.987404 -0.078115 9.490500 -0.122137 0.095177 0.987939 -1.392100 0.000000 0.000000 0.000000 1.000000
0.982740 -0.148750 0.109982 -0.038100 0.154185 0.987122 -0.042638 9.490500 -0.102224 0.058859 0.993019 -1.392100 0.000000 0.000000 0.000000 1.000000
0.989272 -0.128733 0.069055 -0.038100 0.129456 0.991567 -0.006080 9.490500 -0.067690 0.014954 0.997594 -1.392100 0.000000 0.000000 0.000000 1.000000
0.997785 -0.048338 0.045706 -0.038100 0.049285 0.998588 -0.019809 9.490500 -0.044684 0.022018 0.998759 -1.392100 0.000000 0.000000 0.000000 1.000000
0.998996 0.035075 0.027875 -0.038100 -0.033142 0.997201 -0.067026 9.490500 -0.030148 0.066035 0.997362 -1.392100 0.000000 0.000000 0.000000 1.000000
0.995745 0.091958 0.006020 -0.038100 -0.090808 0.990225 -0.105871 9.490500 -0.015697 0.104874 0.994362 -1.392100 0.000000 0.000000 0.000000 1.000000
0.988349 0.152202 0.000082 -0.038100 -0.150392 0.976678 -0.153238 9.490500 -0.023403 0.151440 0.988189 -1.392100 0.000000 0.000000 0.000000 1.000000
0.981682 0.190524 -0.000151 -0.038100 -0.185087 0.953480 -0.237947 9.490500 -0.045191 0.233616 0.971278 -1.392100 0.000000 0.000000 0.000000 1.000000
0.983883 0.178754 -0.004666 -0.038100 -0.173817 0.949937 -0.259630 9.490500 -0.041977 0.256257 0.965697 -1.392100 0.000000 0.000000 0.000000 1.000000
0.986593 0.163199 -0.000528 -0.038100 -0.156712 0.946462 -0.282225 9.490500 -0.045559 0.278524 0.959348 -1.392100 0.000000 0.000000 0.000000 1.000000
0.988209 0.152752 0.010521 -0.038100 -0.144340 0.952305 -0.268853 9.490500 -0.051087 0.264164 0.963124 -1.392100 0.000000 0.000000 0.000000 1.000000
0.991729 0.127369 0.015849 -0.038100 -0.122745 0.977250 -0.172964 9.490500 -0.037518 0.169588 0.984801 -1.392100 0.000000 0.000000 0.000000 1.000000
0.994634 0.103097 0.008593 -0.038100 -0.101433 0.988168 -0.115042 9.490500 -0.020352 0.113553 0.993323 -1.392100 0.000000 0.000000 0.000000 1.000000
0.995183 0.097981 -0.003201 -0.038100 -0.097790 0.989876 -0.102872 9.490500 -0.006911 0.102690 0.994689 -1.392100 0.000000 0.000000 0.000000 1.000000
0.995718 0.091989 -0.009159 -0.038100 -0.092441 0.990107 -0.105555 9.490500 -0.000642 0.105950 0.994371 -1.392100 0.000000 0.000000 0.000000 1.000000
0.996344 0.084680 -0.011316 -0.038100 -0.085391 0.991221 -0.100944 9.490500 0.002669 0.101542 0.994828 -1.392100 0.000000 0.000000 0.000000 1.000000
0.996786 0.078473 -0.016121 -0.038100 -0.079791 0.990478 -0.112191 9.490500 0.007164 0.113117 0.993556 -1.392100 0.000000 0.000000 0.000000 1.000000
0.997037 0.075256 -0.015926 -0.038100 -0.076801 0.985501 -0.151289 9.490500 0.004310 0.152064 0.988361 -1.392100 0.000000 0.000000 0.000000 1.000000
0.998439 0.053807 -0.014991 -0.038100 -0.055725 0.977921 -0.201407 9.490500 0.003823 0.201928 0.979393 -1.392100 0.000000 0.000000 0.000000 1.000000
0.998678 0.044806 -0.025203 -0.038100 -0.049241 0.974585 -0.218539 9.490500 0.014771 0.219491 0.975503 -1.392100 0.000000 0.000000 0.000000 1.000000
0.997459 0.051215 -0.049526 -0.038100 -0.060623 0.975304 -0.212384 9.490500 0.037426 0.214847 0.975930 -1.392100 0.000000 0.000000 0.000000 1.000000
0.994184 0.073242 -0.078952 -0.038100 -0.090205 0.966825 -0.238984 9.490500 0.058829 0.244716 0.967808 -1.392100 0.000000 0.000000 0.000000 1.000000
0.990275 0.097795 -0.098955 -0.038100 -0.123482 0.945497 -0.301309 9.490500 0.064095 0.310598 0.948378 -1.392100 0.000000 0.000000 0.000000 1.000000
0.988923 0.089442 -0.118455 -0.038100 -0.129050 0.912384 -0.388460 9.490500 0.073332 0.399443 0.913820 -1.392100 0.000000 0.000000 0.000000 1.000000
0.989235 0.093045 -0.112942 -0.038100 -0.131892 0.901251 -0.412736 9.490500 0.063387 0.423190 0.903821 -1.392100 0.000000 0.000000 0.000000 1.000000
0.992068 0.068689 -0.105273 -0.038100 -0.105672 0.909290 -0.402524 9.490500 0.068075 0.410456 0.909336 -1.392100 0.000000 0.000000 0.000000 1.000000
0.995233 0.042233 -0.087907 -0.038100 -0.072676 0.922241 -0.379724 9.490500 0.065035 0.384302 0.920914 -1.392100 0.000000 0.000000 0.000000 1.000000
0.997723 0.012298 -0.066320 -0.038100 -0.034320 0.939007 -0.342181 9.490500 0.058066 0.343678 0.937291 -1.392100 0.000000 0.000000 0.000000 1.000000
0.998711 -0.024469 -0.044480 -0.038100 0.013787 0.973976 -0.226231 9.490500 0.048858 0.225326 0.973058 -1.392100 0.000000 0.000000 0.000000 1.000000
0.999059 -0.031171 -0.030152 -0.038100 0.026645 0.989746 -0.140331 9.490500 0.034217 0.139395 0.989645 -1.392100 0.000000 0.000000 0.000000 1.000000
0.998753 -0.038441 -0.031840 -0.038100 0.035357 0.995102 -0.092313 9.490500 0.035233 0.091072 0.995221 -1.392100 0.000000 0.000000 0.000000 1.000000
0.998311 -0.044994 -0.036748 -0.038100 0.041861 0.995755 -0.081973 9.490500 0.040281 0.080296 0.995957 -1.392100 0.000000 0.000000 0.000000 1.000000
0.997966 -0.049992 -0.039544 -0.038100 0.045011 0.991978 -0.118129 9.490500 0.045133 0.116108 0.992211 -1.392100 0.000000 0.000000 0.000000 1.000000
0.997972 -0.046900 -0.043030 -0.038100 0.039241 0.985647 -0.164198 9.490500 0.050113 0.162176 0.985489 -1.392100 0.000000 0.000000 0.000000 1.000000
0.996106 -0.079680 -0.037747 -0.038100 0.071654 0.981049 -0.180022 9.490500 0.051376 0.176617 0.982938 -1.392100 0.000000 0.000000 0.000000 1.000000
0.993030 -0.116186 -0.019803 -0.038100 0.109665 0.972400 -0.205939 9.490500 0.043183 0.202332 0.978364 -1.392100 0.000000 0.000000 0.000000 1.000000
0.984279 -0.176372 0.009381 -0.038100 0.174401 0.962139 -0.209458 9.490500 0.027917 0.207801 0.977773 -1.392100 0.000000 0.000000 0.000000 1.000000
0.972870 -0.229585 0.028552 -0.038100 0.230361 0.949867 -0.211394 9.490500 0.021412 0.212236 0.976984 -1.392100 0.000000 0.000000 0.000000 1.000000
0.971061 -0.230663 0.061931 -0.038100 0.238806 0.941579 -0.237488 9.490500 -0.003533 0.245405 0.969414 -1.392100 0.000000 0.000000 0.000000 1.000000
0.968476 -0.229352 0.097220 -0.038100 0.247456 0.930613 -0.269674 9.490500 -0.028624 0.285230 0.958031 -1.392100 0.000000 0.000000 0.000000 1.000000
0.969781 -0.229230 0.083536 -0.038100 0.243497 0.930844 -0.272467 9.490500 -0.015301 0.284574 0.958532 -1.392100 0.000000 0.000000 0.000000 1.000000
0.979654 -0.198355 0.030547 -0.038100 0.198865 0.938922 -0.280851 9.490500 0.027027 0.281212 0.959265 -1.392100 0.000000 0.000000 0.000000 1.000000
0.988673 -0.148567 -0.021291 -0.038100 0.136583 0.949434 -0.282700 9.490500 0.062214 0.276590 0.958972 -1.392100 0.000000 0.000000 0.000000 1.000000
0.993947 -0.087539 -0.066377 -0.038100 0.066397 0.960043 -0.271862 9.490500 0.087524 0.265809 0.960044 -1.392100 0.000000 0.000000 0.000000 1.000000</float_array>
        <technique_common>
          <accessor source="#mixamorig_Spine-Matrix-animation-output-transform-array" count="67" stride="16">
            <param type="float4x4"/>
          </accessor>
        </technique_common>
      </source>
      <source id="mixamorig_Spine-Interpolations">
        <Name_array id="mixamorig_Spine-Interpolations-array" count="67">
 LINEAR LINEAR LINEAR LINEAR LINEAR LINEAR LINEAR LINEAR LINEAR LINEAR LINEAR
LINEAR LINEAR LINEAR LINEAR LINEAR LINEAR LINEAR LINEAR LINEAR LINEAR LINEAR LINEAR
LINEAR LINEAR LINEAR LINEAR LINEAR LINEAR LINEAR LINEAR LINEAR LINEAR LINEAR LINEAR
LINEAR LINEAR LINEAR LINEAR LINEAR LINEAR LINEAR LINEAR LINEAR LINEAR LINEAR LINEAR
LINEAR LINEAR LINEAR LINEAR LINEAR LINEAR LINEAR LINEAR LINEAR LINEAR LINEAR LINEAR
LINEAR LINEAR LINEAR LINEAR LINEAR LINEAR LINEAR LINEAR</Name_array>
        <technique_common>
          <accessor source="#mixamorig_Spine-Interpolations-array" count="67">
            <param type="name"/>
          </accessor>
        </technique_common>
      </source>
      <sampler id="mixamorig_Spine-Matrix-animation-transform">
        <input semantic="INPUT" source="#mixamorig_Spine-Matrix-animation-input"/>
        <input semantic="OUTPUT" source="#mixamorig_Spine-Matrix-animation-output-transform"/>
        <input semantic="INTERPOLATION" source="#mixamorig_Spine-Interpolations"/>
      </sampler>
      <channel source="#mixamorig_Spine-Matrix-animation-transform" target="mixamorig_Spine/matrix"/>
    </animation>
    <animation id="mixamorig_Spine1-anim" name="mixamorig_Spine1">
      <source id="mixamorig_Spine1-Matrix-animation-input">
        <float_array id="mixamorig_Spine1-Matrix-animation-input-array" count="67">

0.000000 0.033333 0.066667 0.100000 0.133333 0.166667 0.200000 0.233333 0.266667 0.300000 0.333333 0.366667 0.400000 0.433333 0.466667 0.500000
0.533333 0.566667 0.600000 0.633333 0.666667 0.700000 0.733333 0.766667 0.800000 0.833333 0.866667 0.900000 0.933333 0.966667 1.000000 1.033333
1.066667 1.100000 1.133333 1.166667 1.200000 1.233333 1.266667 1.300000 1.333333 1.366667 1.400000 1.433333 1.466667 1.500000 1.533333 1.566667
1.600000 1.633333 1.666667 1.700000 1.733333 1.766667 1.800000 1.833333 1.866667 1.900000 1.933333 1.966667 2.000000 2.033333 2.066667 2.100000
2.133333 2.166667 2.200000</float_array>
        <technique_common>
          <accessor source="#mixamorig_Spine1-Matrix-animation-input-array" count="67">
            <param name="TIME" type="float"/>
          </accessor>
        </technique_common>
      </source>
      <source id="mixamorig_Spine1-Matrix-animation-output-transform">
        <float_array id="mixamorig_Spine1-Matrix-animation-output-transform-array" count="1072">

0.998695 0.051020 0.002262 0.000000 -0.051052 0.998532 0.018078 11.190800 -0.001337 -0.018170 0.999834 0.000000 0.000000 0.000000 0.000000 1.000000
0.998382 0.056850 -0.000982 0.000000 -0.056814 0.998135 0.022324 11.190800 0.002249 -0.022233 0.999750 0.000000 0.000000 0.000000 0.000000 1.000000
0.997644 0.068514 -0.003378 0.000000 -0.068464 0.997565 0.013308 11.190800 0.004281 -0.013046 0.999906 0.000000 0.000000 0.000000 0.000000 1.000000
0.996553 0.082803 -0.005093 0.000000 -0.082840 0.996533 -0.007730 11.190800 0.004435 0.008126 0.999957 0.000000 0.000000 0.000000 0.000000 1.000000
0.995846 0.090883 -0.005598 0.000000 -0.091002 0.995485 -0.026970 11.190800 0.003122 0.027367 0.999621 -0.000000 0.000000 0.000000 0.000000 1.000000
0.996131 0.087675 -0.006040 -0.000000 -0.087822 0.995637 -0.031518 11.190800 0.003251 0.031926 0.999485 0.000000 0.000000 0.000000 0.000000 1.000000
0.996820 0.079576 -0.004144 0.000000 -0.079663 0.996396 -0.029146 11.190800 0.001810 0.029383 0.999567 -0.000000 0.000000 0.000000 0.000000 1.000000
0.998167 0.060468 -0.002289 0.000000 -0.060473 0.998168 -0.001867 11.190800 0.002172 0.002002 0.999996 -0.000000 0.000000 0.000000 0.000000 1.000000
0.998702 0.050926 -0.000591 -0.000000 -0.050892 0.998345 0.026788 11.190800 0.001954 -0.026723 0.999641 -0.000000 0.000000 0.000000 0.000000 1.000000
0.999015 0.044261 -0.003212 0.000000 -0.044092 0.998181 0.041124 11.190800 0.005027 -0.040941 0.999149 0.000000 0.000000 0.000000 0.000000 1.000000
0.999098 0.041992 -0.006334 0.000000 -0.041811 0.998775 0.026455 11.190800 0.007437 -0.026167 0.999630 0.000000 0.000000 0.000000 0.000000 1.000000
0.998840 0.048011 -0.003690 0.000000 -0.048020 0.998844 -0.002159 11.190800 0.003582 0.002334 0.999991 0.000000 0.000000 0.000000 0.000000 1.000000
0.998544 0.053935 -0.001025 0.000000 -0.053945 0.998310 -0.021593 11.190800 -0.000141 0.021616 0.999766 -0.000000 0.000000 0.000000 0.000000 1.000000
0.998571 0.053411 0.002023 0.000000 -0.053350 0.998310 -0.023051 11.190800 -0.003251 0.022910 0.999732 0.000000 0.000000 0.000000 0.000000 1.000000
0.998108 0.060326 0.011861 0.000000 -0.060195 0.998124 -0.011149 11.190800 -0.012511 0.010414 0.999868 0.000000 0.000000 0.000000 0.000000 1.000000
0.998383 0.054844 0.014959 0.000000 -0.054821 0.998494 -0.001949 11.190800 -0.015044 0.001126 0.999886 -0.000000 0.000000 0.000000 0.000000 1.000000
0.998736 0.047240 0.017156 0.000000 -0.047367 0.998853 0.007040 11.190800 -0.016804 -0.007844 0.999828 -0.000000 0.000000 0.000000 0.000000 1.000000
0.998982 0.040494 0.019874 -0.000000 -0.040738 0.999097 0.012040 11.190800 -0.019368 -0.012837 0.999730 0.000000 0.000000 0.000000 0.000000 1.000000
0.998912 0.040592 0.022973 0.000000 -0.040745 0.999150 0.006263 11.190800 -0.022700 -0.007192 0.999716 -0.000000 0.000000 0.000000 0.000000 1.000000
0.998922 0.039362 0.024621 -0.000000 -0.039378 0.999224 0.000175 11.190800 -0.024595 -0.001144 0.999697 0.000000 0.000000 0.000000 0.000000 1.000000
0.999132 0.034820 0.022874 0.000000 -0.034718 0.999385 -0.004881 11.190800 -0.023030 0.004083 0.999726 0.000000 0.000000 0.000000 0.000000 1.000000
0.999039 0.037413 0.022853 0.000000 -0.037539 0.999282 0.005071 11.190800 -0.022647 -0.005924 0.999726 0.000000 0.000000 0.000000 0.000000 1.000000
0.998729 0.043180 0.025998 0.000000 -0.043815 0.998742 0.024397 11.190800 -0.024912 -0.025506 0.999364 0.000000 0.000000 0.000000 0.000000 1.000000
0.997799 0.058868 0.030514 -0.000000 -0.059697 0.997852 0.026986 11.190800 -0.028860 -0.028748 0.999170 0.000000 0.000000 0.000000 0.000000 1.000000
0.996760 0.074645 0.029972 0.000000 -0.075062 0.997094 0.013021 11.190800 -0.028913 -0.015229 0.999466 -0.000000 0.000000 0.000000 0.000000 1.000000
0.996674 0.077853 0.024092 -0.000000 -0.077788 0.996963 -0.003614 11.190800 -0.024301 0.001728 0.999703 0.000000 0.000000 0.000000 0.000000 1.000000
0.997239 0.071790 0.018999 -0.000000 -0.071669 0.997404 -0.006977 11.190800 -0.019451 0.005596 0.999795 0.000000 0.000000 0.000000 0.000000 1.000000
0.997996 0.061584 0.014542 0.000000 -0.061441 0.998060 -0.010080 11.190800 -0.015134 0.009166 0.999843 0.000000 0.000000 0.000000 0.000000 1.000000
0.998576 0.052397 0.010010 0.000000 -0.052236 0.998512 -0.015668 11.190800 -0.010816 0.015123 0.999827 0.000000 0.000000 0.000000 0.000000 1.000000
0.999183 0.039706 0.007556 0.000000 -0.039576 0.999078 -0.016656 11.190800 -0.008211 0.016343 0.999833 0.000000 0.000000 0.000000 0.000000 1.000000
0.999400 0.033492 0.008814 0.000000 -0.033444 0.999425 -0.005557 11.190800 -0.008995 0.005259 0.999946 0.000000 0.000000 0.000000 0.000000 1.000000
0.999615 0.026654 0.007711 0.000000 -0.026708 0.999618 0.007079 11.190800 -0.007520 -0.007282 0.999945 0.000000 0.000000 0.000000 0.000000 1.000000
0.999835 0.016751 0.006971 0.000000 -0.016930 0.999506 0.026477 11.190800 -0.006524 -0.026591 0.999625 -0.000000 0.000000 0.000000 0.000000 1.000000
0.999990 0.001030 0.004411 0.000000 -0.001178 0.999435 0.033590 11.190800 -0.004374 -0.033595 0.999426 0.000000 0.000000 0.000000 0.000000 1.000000
0.999954 -0.009541 0.000973 0.000000 0.009525 0.999834 0.015515 11.190800 -0.001121 -0.015505 0.999879 0.000000 0.000000 0.000000 0.000000 1.000000
0.999879 -0.015431 -0.001923 0.000000 0.015437 0.999876 0.003023 11.190800 0.001876 -0.003052 0.999994 0.000000 0.000000 0.000000 0.000000 1.000000
0.999703 -0.023772 -0.005318 0.000000 0.023766 0.999717 -0.001270 11.190800 0.005346 0.001143 0.999985 0.000000 0.000000 0.000000 0.000000 1.000000
0.999614 -0.026937 -0.006764 -0.000000 0.026944 0.999637 0.000925 11.190800 0.006737 -0.001107 0.999977 0.000000 0.000000 0.000000 0.000000 1.000000
0.999646 -0.025726 -0.006843 0.000000 0.025733 0.999668 0.000914 11.190800 0.006817 -0.001090 0.999976 0.000000 0.000000 0.000000 0.000000 1.000000
0.999713 -0.022935 -0.006906 0.000000 0.022974 0.999720 0.005637 11.190800 0.006775 -0.005794 0.999960 0.000000 0.000000 0.000000 0.000000 1.000000
0.999834 -0.017298 -0.005652 0.000000 0.017403 0.999666 0.019129 11.190800 0.005319 -0.019224 0.999801 -0.000000 0.000000 0.000000 0.000000 1.000000
0.999962 -0.008058 -0.003380 -0.000000 0.008146 0.999604 0.026919 11.190800 0.003162 -0.026945 0.999632 -0.000000 0.000000 0.000000 0.000000 1.000000
0.999996 -0.000019 -0.002847 0.000000 0.000060 0.999898 0.014267 11.190800 0.002847 -0.014267 0.999894 0.000000 0.000000 0.000000 0.000000 1.000000
0.999937 0.010555 -0.003878 0.000000 -0.010594 0.999892 -0.010149 11.190800 0.003770 0.010189 0.999941 0.000000 0.000000 0.000000 0.000000 1.000000
0.999920 0.009866 -0.007854 -0.000000 -0.009994 0.999816 -0.016343 11.190800 0.007691 0.016420 0.999836 0.000000 0.000000 0.000000 0.000000 1.000000
0.999919 0.008059 -0.009849 0.000000 -0.008058 0.999968 0.000125 11.190800 0.009850 -0.000046 0.999951 0.000000 0.000000 0.000000 0.000000 1.000000
0.999903 0.008593 -0.010954 0.000000 -0.008357 0.999736 0.021402 11.190800 0.011135 -0.021308 0.999711 -0.000000 0.000000 0.000000 0.000000 1.000000
0.999928 0.000525 -0.011950 0.000000 -0.000303 0.999828 0.018522 11.190800 0.011958 -0.018517 0.999757 0.000000 0.000000 0.000000 0.000000 1.000000
0.999937 0.003781 -0.010582 -0.000000 -0.003530 0.999715 0.023599 11.190800 0.010668 -0.023560 0.999665 -0.000000 0.000000 0.000000 0.000000 1.000000
0.999927 0.009426 -0.007516 0.000000 -0.009185 0.999461 0.031504 11.190800 0.007809 -0.031432 0.999475 0.000000 0.000000 0.000000 0.000000 1.000000
0.999815 0.018966 -0.003299 0.000000 -0.018843 0.999242 0.034073 11.190800 0.003943 -0.034004 0.999414 -0.000000 0.000000 0.000000 0.000000 1.000000
0.999219 0.039430 0.002507 0.000000 -0.039458 0.999144 0.012388 11.190800 -0.002016 -0.012477 0.999920 0.000000 0.000000 0.000000 0.000000 1.000000
0.998994 0.044630 0.004407 0.000000 -0.044607 0.998991 -0.005220 11.190800 -0.004635 0.005018 0.999977 0.000000 0.000000 0.000000 0.000000 1.000000
0.998412 0.056037 0.005720 -0.000000 -0.055926 0.998271 -0.018096 11.190800 -0.006724 0.017748 0.999820 0.000000 0.000000 0.000000 0.000000 1.000000
0.998451 0.055426 0.004780 -0.000000 -0.055297 0.998184 -0.023887 11.190800 -0.006096 0.023586 0.999703 0.000000 0.000000 0.000000 0.000000 1.000000
0.998842 0.047986 0.003507 0.000000 -0.047899 0.998616 -0.021726 11.190800 -0.004545 0.021533 0.999758 0.000000 0.000000 0.000000 0.000000 1.000000
0.999116 0.041976 0.002423 0.000000 -0.041940 0.999029 -0.013458 11.190800 -0.002985 0.013345 0.999907 0.000000 0.000000 0.000000 0.000000 1.000000
0.999077 0.042824 0.003327 0.000000 -0.042789 0.999033 -0.010109 11.190800 -0.003756 0.009958 0.999943 0.000000 0.000000 0.000000 0.000000 1.000000
0.999119 0.041615 0.005358 0.000000 -0.041606 0.999132 -0.001838 11.190800 -0.005430 0.001613 0.999984 0.000000 0.000000 0.000000 0.000000 1.000000
0.999200 0.039151 0.008126 0.000000 -0.039145 0.999233 -0.000848 11.190800 -0.008153 0.000529 0.999967 0.000000 0.000000 0.000000 0.000000 1.000000
0.998945 0.044498 0.011392 0.000000 -0.044365 0.998947 -0.011659 11.190800 -0.011899 0.011141 0.999867 -0.000000 0.000000 0.000000 0.000000 1.000000
0.999118 0.039487 0.014256 -0.000000 -0.039369 0.999189 -0.008469 11.190800 -0.014579 0.007900 0.999863 0.000000 0.000000 0.000000 0.000000 1.000000
0.999022 0.040031 0.018780 -0.000000 -0.040042 0.999198 0.000209 11.190800 -0.018756 -0.000961 0.999824 0.000000 0.000000 0.000000 0.000000 1.000000
0.998784 0.045750 0.018358 -0.000000 -0.045761 0.998952 0.000211 11.190800 -0.018329 -0.001051 0.999831 0.000000 0.000000 0.000000 0.000000 1.000000
0.998679 0.049786 0.012716 0.000000 -0.049804 0.998758 0.001050 11.190800 -0.012648 -0.001682 0.999919 -0.000000 0.000000 0.000000 0.000000 1.000000
0.998723 0.050057 0.006859 0.000000 -0.050112 0.998711 0.008103 11.190800 -0.006444 -0.008437 0.999944 -0.000000 0.000000 0.000000 0.000000 1.000000
0.998695 0.051020 0.002263 0.000000 -0.051052 0.998532 0.018078 11.190800 -0.001337 -0.018170 0.999834 0.000000 0.000000 0.000000 0.000000 1.000000</float_array>
        <technique_common>
          <accessor source="#mixamorig_Spine1-Matrix-animation-output-transform-array" count="67" stride="16">
            <param type="float4x4"/>
          </accessor>
        </technique_common>
      </source>
      <source id="mixamorig_Spine1-Interpolations">
        <Name_array id="mixamorig_Spine1-Interpolations-array" count="67">
 LINEAR LINEAR LINEAR LINEAR LINEAR LINEAR LINEAR LINEAR LINEAR LINEAR LINEAR
LINEAR LINEAR LINEAR LINEAR LINEAR LINEAR LINEAR LINEAR LINEAR LINEAR LINEAR LINEAR
LINEAR LINEAR LINEAR LINEAR LINEAR LINEAR LINEAR LINEAR LINEAR LINEAR LINEAR LINEAR
LINEAR LINEAR LINEAR LINEAR LINEAR LINEAR LINEAR LINEAR LINEAR LINEAR LINEAR LINEAR
LINEAR LINEAR LINEAR LINEAR LINEAR LINEAR LINEAR LINEAR LINEAR LINEAR LINEAR LINEAR
LINEAR LINEAR LINEAR LINEAR LINEAR LINEAR LINEAR LINEAR</Name_array>
        <technique_common>
          <accessor source="#mixamorig_Spine1-Interpolations-array" count="67">
            <param type="name"/>
          </accessor>
        </technique_common>
      </source>
      <sampler id="mixamorig_Spine1-Matrix-animation-transform">
        <input semantic="INPUT" source="#mixamorig_Spine1-Matrix-animation-input"/>
        <input semantic="OUTPUT" source="#mixamorig_Spine1-Matrix-animation-output-transform"/>
        <input semantic="INTERPOLATION" source="#mixamorig_Spine1-Interpolations"/>
      </sampler>
      <channel source="#mixamorig_Spine1-Matrix-animation-transform" target="mixamorig_Spine1/matrix"/>
    </animation>
    <animation id="mixamorig_Spine2-anim" name="mixamorig_Spine2">
      <source id="mixamorig_Spine2-Matrix-animation-input">
        <float_array id="mixamorig_Spine2-Matrix-animation-input-array" count="67">

0.000000 0.033333 0.066667 0.100000 0.133333 0.166667 0.200000 0.233333 0.266667 0.300000 0.333333 0.366667 0.400000 0.433333 0.466667 0.500000
0.533333 0.566667 0.600000 0.633333 0.666667 0.700000 0.733333 0.766667 0.800000 0.833333 0.866667 0.900000 0.933333 0.966667 1.000000 1.033333
1.066667 1.100000 1.133333 1.166667 1.200000 1.233333 1.266667 1.300000 1.333333 1.366667 1.400000 1.433333 1.466667 1.500000 1.533333 1.566667
1.600000 1.633333 1.666667 1.700000 1.733333 1.766667 1.800000 1.833333 1.866667 1.900000 1.933333 1.966667 2.000000 2.033333 2.066667 2.100000
2.133333 2.166667 2.200000</float_array>
        <technique_common>
          <accessor source="#mixamorig_Spine2-Matrix-animation-input-array" count="67">
            <param name="TIME" type="float"/>
          </accessor>
        </technique_common>
      </source>
      <source id="mixamorig_Spine2-Matrix-animation-output-transform">
        <float_array id="mixamorig_Spine2-Matrix-animation-output-transform-array" count="1072">

