<?xml version="1.0" encoding="utf-8"?>
<COLLADA xmlns="http://www.collada.org/2005/11/COLLADASchema" version="1.4.1">
  <asset>
    <contributor>
      <author>Mixamo</author>
      <authoring_tool>COLLADA Mixamo exporter</authoring_tool>
      <comments/>
    </contributor>
    <created>2024-12-17T10:30:34Z</created>
    <modified>2024-12-17T10:30:34Z</modified>
    <revision/>
    <title/>
    <unit meter="0.010000"/>
    <up_axis>Y_UP</up_axis>
  </asset>
  <library_animations>
    <animation id="mixamorig_Hips-anim" name="mixamorig_Hips">
      <source id="mixamorig_Hips-Matrix-animation-input">
        <float_array id="mixamorig_Hips-Matrix-animation-input-array" count="31">

0.000000 0.033333 0.066667 0.100000 0.133333 0.166667 0.200000 0.233333 0.266667 0.300000 0.333333 0.366667 0.400000 0.433333 0.466667 0.500000
0.533333 0.566667 0.600000 0.633333 0.666667 0.700000 0.733333 0.766667 0.800000 0.833333 0.866667 0.900000 0.933333 0.966667 1.000000</float_array>
        <technique_common>
          <accessor source="#mixamorig_Hips-Matrix-animation-input-array" count="31">
            <param name="TIME" type="float"/>
          </accessor>
        </technique_common>
      </source>
      <source id="mixamorig_Hips-Matrix-animation-output-transform">
        <float_array id="mixamorig_Hips-Matrix-animation-output-transform-array" count="496">

0.994104 -0.053587 0.094266 0.490833 -0.108089 -0.420615 0.900777 34.727295 -0.008620 -0.905655 -0.423927 -2.387495 0.000000 0.000000 0.000000 1.000000
0.987778 -0.097391 -0.121697 4.081850 0.065250 -0.450690 0.890292 35.264248 -0.141555 -0.887352 -0.438827 -4.225724 0.000000 0.000000 0.000000 1.000000
0.936838 -0.131390 -0.324146 7.402484 0.239102 -0.435810 0.867698 35.765965 -0.255273 -0.890397 -0.376868 -7.219972 0.000000 0.000000 0.000000 1.000000
0.851144 -0.176209 -0.494474 10.187964 0.413601 -0.354941 0.838422 36.312534 -0.323247 -0.918133 -0.229225 -11.407338 0.000000 0.000000 0.000000 1.000000
0.749640 -0.251306 -0.612279 12.092463 0.575958 -0.208047 0.790562 37.454449 -0.326056 -0.945284 -0.011218 -16.745132 0.000000 0.000000 0.000000 1.000000
0.661121 -0.362410 -0.656946 12.706865 0.701378 -0.012410 0.712681 39.904446 -0.266436 -0.931936 0.245982 -22.544643 0.000000 0.000000 0.000000 1.000000
0.611735 -0.494431 -0.617510 12.362834 0.772103 0.203302 0.602101 43.197380 -0.172157 -0.845107 0.506118 -28.181183 0.000000 0.000000 0.000000 1.000000
0.604966 -0.613707 -0.507325 11.331537 0.793104 0.407844 0.452381 47.198147 -0.070720 -0.676037 0.733466 -33.947662 0.000000 0.000000 0.000000 1.000000
0.623746 -0.694080 -0.359434 9.589179 0.781195 0.568855 0.257173 51.731125 0.025967 -0.441199 0.897033 -39.342125 0.000000 0.000000 0.000000 1.000000
0.663288 -0.720740 -0.201452 7.423374 0.738423 0.674050 0.019717 56.598602 0.121578 -0.161835 0.979300 -43.670856 0.000000 0.000000 0.000000 1.000000
0.724351 -0.687918 -0.045657 5.166954 0.658797 0.710167 -0.248292 61.685936 0.203228 0.149772 0.967609 -46.282162 0.000000 0.000000 0.000000 1.000000
0.800125 -0.594485 0.079928 3.094216 0.544811 0.664498 -0.511491 66.671753 0.250962 0.452802 0.855563 -46.870819 0.000000 0.000000 0.000000 1.000000
0.884894 -0.449524 0.122030 1.822641 0.390794 0.573923 -0.719647 71.370995 0.253462 0.684500 0.683532 -45.233776 0.000000 0.000000 0.000000 1.000000
0.960741 -0.273441 0.046972 2.272762 0.180254 0.486468 -0.854902 75.079666 0.210915 0.829806 0.516659 -42.214348 0.000000 0.000000 0.000000 1.000000
0.987591 -0.094252 -0.125621 4.770171 -0.077901 0.400551 -0.912957 76.327599 0.136366 0.911414 0.388239 -40.086235 0.000000 0.000000 0.000000 1.000000
0.938515 0.071371 -0.337782 7.976015 -0.342399 0.317663 -0.884225 74.219040 0.044193 0.945514 0.322568 -40.503914 0.000000 0.000000 0.000000 1.000000
0.821912 0.225479 -0.523086 10.687117 -0.568599 0.269982 -0.777049 69.840607 -0.033984 0.936093 0.350108 -42.677387 0.000000 0.000000 0.000000 1.000000
0.668619 0.380479 -0.638893 12.278175 -0.740921 0.267949 -0.615824 64.365784 -0.063117 0.885121 0.461061 -44.905083 0.000000 0.000000 0.000000 1.000000
0.488997 0.540068 -0.684988 12.611229 -0.871395 0.266973 -0.411578 58.356712 -0.039407 0.798155 0.601162 -45.725521 0.000000 0.000000 0.000000 1.000000
0.278154 0.700437 -0.657281 11.383676 -0.960051 0.224473 -0.167072 51.985847 0.030518 0.677496 0.734893 -44.602844 0.000000 0.000000 0.000000 1.000000
0.123799 0.845868 -0.518826 8.049469 -0.978488 0.191015 0.077941 45.928360 0.165032 0.498016 0.851319 -41.564903 0.000000 0.000000 0.000000 1.000000
0.119977 0.945116 -0.303910 2.954918 -0.935403 0.210175 0.284337 41.230240 0.332606 0.250165 0.909281 -36.793385 0.000000 0.000000 0.000000 1.000000
0.151257 0.982780 -0.106139 -1.505294 -0.871632 0.183249 0.454617 37.239391 0.466238 0.023750 0.884340 -31.442045 0.000000 0.000000 0.000000 1.000000
0.202045 0.978460 0.042358 -4.923702 -0.807734 0.142021 0.572184 35.424175 0.553844 -0.149822 0.819030 -26.216209 0.000000 0.000000 0.000000 1.000000
0.277680 0.931829 0.233642 -6.782876 -0.745988 0.055911 0.663608 34.633297 0.605306 -0.358565 0.710659 -22.411810 0.000000 0.000000 0.000000 1.000000
0.388234 0.834510 0.390983 -8.106607 -0.673761 -0.032428 0.738237 34.369385 0.628745 -0.550038 0.549670 -18.755888 0.000000 0.000000 0.000000 1.000000
0.549778 0.706676 0.445370 -8.994856 -0.574724 -0.066900 0.815608 34.887024 0.606166 -0.704368 0.369363 -15.161463 0.000000 0.000000 0.000000 1.000000
0.704244 0.558877 0.437833 -8.999541 -0.457518 -0.114312 0.881822 35.441395 0.542879 -0.821334 0.175193 -11.423561 0.000000 0.000000 0.000000 1.000000
0.837930 0.376046 0.395553 -7.446667 -0.338138 -0.211204 0.917091 35.551456 0.428411 -0.902210 -0.049819 -7.882375 0.000000 0.000000 0.000000 1.000000
0.945256 0.157566 0.285770 -4.132660 -0.222183 -0.330636 0.917232 35.178127 0.239011 -0.930512 -0.277527 -4.882526 0.000000 0.000000 0.000000 1.000000
0.994104 -0.053587 0.094266 0.490828 -0.108089 -0.420615 0.900777 34.727310 -0.008620 -0.905655 -0.423927 -2.387485 0.000000 0.000000 0.000000 1.000000</float_array>
        <technique_common>
          <accessor source="#mixamorig_Hips-Matrix-animation-output-transform-array" count="31" stride="16">
            <param type="float4x4"/>
          </accessor>
        </technique_common>
      </source>
      <source id="mixamorig_Hips-Interpolations">
        <Name_array id="mixamorig_Hips-Interpolations-array" count="31">
 LINEAR LINEAR LINEAR LINEAR LINEAR LINEAR LINEAR LINEAR LINEAR LINEAR LINEAR
LINEAR LINEAR LINEAR LINEAR LINEAR LINEAR LINEAR LINEAR LINEAR LINEAR LINEAR LINEAR
LINEAR LINEAR LINEAR LINEAR LINEAR LINEAR LINEAR LINEAR</Name_array>
        <technique_common>
          <accessor source="#mixamorig_Hips-Interpolations-array" count="31">
            <param type="name"/>
          </accessor>
        </technique_common>
      </source>
      <sampler id="mixamorig_Hips-Matrix-animation-transform">
        <input semantic="INPUT" source="#mixamorig_Hips-Matrix-animation-input"/>
        <input semantic="OUTPUT" source="#mixamorig_Hips-Matrix-animation-output-transform"/>
        <input semantic="INTERPOLATION" source="#mixamorig_Hips-Interpolations"/>
      </sampler>
      <channel source="#mixamorig_Hips-Matrix-animation-transform" target="mixamorig_Hips/matrix"/>
    </animation>
    <animation id="mixamorig_Spine-anim" name="mixamorig_Spine">
      <source id="mixamorig_Spine-Matrix-animation-input">
        <float_array id="mixamorig_Spine-Matrix-animation-input-array" count="31">

0.000000 0.033333 0.066667 0.100000 0.133333 0.166667 0.200000 0.233333 0.266667 0.300000 0.333333 0.366667 0.400000 0.433333 0.466667 0.500000
0.533333 0.566667 0.600000 0.633333 0.666667 0.700000 0.733333 0.766667 0.800000 0.833333 0.866667 0.900000 0.933333 0.966667 1.000000</float_array>
        <technique_common>
          <accessor source="#mixamorig_Spine-Matrix-animation-input-array" count="31">
            <param name="TIME" type="float"/>
          </accessor>
        </technique_common>
      </source>
      <source id="mixamorig_Spine-Matrix-animation-output-transform">
        <float_array id="mixamorig_Spine-Matrix-animation-output-transform-array" count="496">

0.990185 0.043766 -0.132733 -0.038100 -0.125392 0.697648 -0.705382 9.490500 0.061729 0.715103 0.696288 -1.392100 0.000000 0.000000 0.000000 1.000000
0.987432 0.131319 -0.087935 -0.038100 -0.152408 0.643989 -0.749700 9.490500 -0.041821 0.753680 0.655909 -1.392100 0.000000 0.000000 0.000000 1.000000
0.982809 0.177309 -0.051463 -0.038100 -0.150228 0.605971 -0.781173 9.490500 -0.107324 0.775475 0.622190 -1.392100 0.000000 0.000000 0.000000 1.000000
0.981922 0.185725 -0.036554 -0.038100 -0.142517 0.598289 -0.788505 9.490500 -0.124575 0.779459 0.613942 -1.392100 0.000000 0.000000 0.000000 1.000000
0.984176 0.172120 -0.042109 -0.038100 -0.141733 0.622032 -0.770057 9.490500 -0.106349 0.763840 0.636584 -1.392100 0.000000 0.000000 0.000000 1.000000
0.988184 0.142580 -0.056238 -0.038100 -0.137712 0.664879 -0.734147 9.490500 -0.067283 0.733217 0.676658 -1.392100 0.000000 0.000000 0.000000 1.000000
0.993264 0.088878 -0.074347 -0.038100 -0.115519 0.709331 -0.695345 9.490500 -0.009065 0.699250 0.714820 -1.392100 0.000000 0.000000 0.000000 1.000000
0.995085 0.011918 -0.098301 -0.038100 -0.075147 0.737359 -0.671308 9.490500 0.064482 0.675396 0.734631 -1.392100 0.000000 0.000000 0.000000 1.000000
0.989144 -0.059955 -0.134162 -0.038100 -0.046262 0.739508 -0.671557 9.490500 0.139477 0.670473 0.728706 -1.392100 0.000000 0.000000 0.000000 1.000000
0.980448 -0.101008 -0.168873 -0.038100 -0.042612 0.728850 -0.683346 9.490500 0.192107 0.677182 0.710296 -1.392100 0.000000 0.000000 0.000000 1.000000
0.977828 -0.103919 -0.181804 -0.038100 -0.049983 0.727265 -0.684535 9.490500 0.203356 0.678444 0.705946 -1.392100 0.000000 0.000000 0.000000 1.000000
0.982394 -0.078839 -0.169371 -0.038100 -0.057670 0.734341 -0.676327 9.490500 0.177697 0.674187 0.716865 -1.392100 0.000000 0.000000 0.000000 1.000000
0.988139 -0.046854 -0.146240 -0.038100 -0.065845 0.731054 -0.679135 9.490500 0.138730 0.680709 0.719298 -1.392100 0.000000 0.000000 0.000000 1.000000
0.993772 -0.020609 -0.109507 -0.038100 -0.061194 0.720355 -0.690901 9.490500 0.093123 0.693299 0.714608 -1.392100 0.000000 0.000000 0.000000 1.000000
0.999236 0.005112 -0.038757 -0.038100 -0.030164 0.731477 -0.681199 9.490500 0.024868 0.681847 0.731072 -1.392100 0.000000 0.000000 0.000000 1.000000
0.997571 0.028463 0.063581 -0.038100 0.018896 0.767926 -0.640260 9.490500 -0.067049 0.639906 0.765522 -1.392100 0.000000 0.000000 0.000000 1.000000
0.987717 0.035859 0.152084 -0.038100 0.064085 0.794717 -0.603588 9.490500 -0.142508 0.605920 0.782657 -1.392100 0.000000 0.000000 0.000000 1.000000
0.982787 0.021999 0.183428 -0.038100 0.095409 0.789787 -0.605916 9.490500 -0.158199 0.612987 0.774093 -1.392100 0.000000 0.000000 0.000000 1.000000
0.986853 0.005512 0.161529 -0.038100 0.099847 0.765104 -0.636118 9.490500 -0.127093 0.643883 0.754494 -1.392100 0.000000 0.000000 0.000000 1.000000
0.991743 0.004807 0.128155 -0.038100 0.081586 0.747352 -0.659400 9.490500 -0.098947 0.664411 0.740789 -1.392100 0.000000 0.000000 0.000000 1.000000
0.994946 0.011825 0.099709 -0.038100 0.057202 0.749383 -0.659662 9.490500 -0.082521 0.662032 0.744919 -1.392100 0.000000 0.000000 0.000000 1.000000
0.998206 0.003044 0.059803 -0.038100 0.036158 0.765437 -0.642494 9.490500 -0.047731 0.643503 0.763954 -1.392100 0.000000 0.000000 0.000000 1.000000
0.999559 -0.028155 0.009426 -0.038100 0.027911 0.782747 -0.621714 9.490500 0.010126 0.621703 0.783188 -1.392100 0.000000 0.000000 0.000000 1.000000
0.996402 -0.062424 -0.057327 -0.038100 0.014259 0.790226 -0.612650 9.490500 0.083545 0.609628 0.788272 -1.392100 0.000000 0.000000 0.000000 1.000000
0.990645 -0.086416 -0.105617 -0.038100 0.002494 0.785286 -0.619128 9.490500 0.136442 0.613072 0.778156 -1.392100 0.000000 0.000000 0.000000 1.000000
0.987809 -0.101144 -0.118336 -0.038100 0.003427 0.774113 -0.633039 9.490500 0.155633 0.624916 0.765022 -1.392100 0.000000 0.000000 0.000000 1.000000
0.986702 -0.110272 -0.119409 -0.038100 0.007512 0.764807 -0.644216 9.490500 0.162364 0.634752 0.755465 -1.392100 0.000000 0.000000 0.000000 1.000000
0.984314 -0.109736 -0.138144 -0.038100 -0.007227 0.757279 -0.653051 9.490500 0.176277 0.643806 0.744607 -1.392100 0.000000 0.000000 0.000000 1.000000
0.981876 -0.087123 -0.168313 -0.038100 -0.048016 0.744751 -0.665613 9.490500 0.183342 0.661631 0.727069 -1.392100 0.000000 0.000000 0.000000 1.000000
0.984111 -0.034953 -0.174081 -0.038100 -0.095171 0.723853 -0.683359 9.490500 0.149895 0.689068 0.709025 -1.392100 0.000000 0.000000 0.000000 1.000000
0.990185 0.043766 -0.132733 -0.038100 -0.125392 0.697648 -0.705382 9.490500 0.061729 0.715103 0.696288 -1.392100 0.000000 0.000000 0.000000 1.000000</float_array>
        <technique_common>
          <accessor source="#mixamorig_Spine-Matrix-animation-output-transform-array" count="31" stride="16">
            <param type="float4x4"/>
          </accessor>
        </technique_common>
      </source>
      <source id="mixamorig_Spine-Interpolations">
        <Name_array id="mixamorig_Spine-Interpolations-array" count="31">
 LINEAR LINEAR LINEAR LINEAR LINEAR LINEAR LINEAR LINEAR LINEAR LINEAR LINEAR
LINEAR LINEAR LINEAR LINEAR LINEAR LINEAR LINEAR LINEAR LINEAR LINEAR LINEAR LINEAR
LINEAR LINEAR LINEAR LINEAR LINEAR LINEAR LINEAR LINEAR</Name_array>
        <technique_common>
          <accessor source="#mixamorig_Spine-Interpolations-array" count="31">
            <param type="name"/>
          </accessor>
        </technique_common>
      </source>
      <sampler id="mixamorig_Spine-Matrix-animation-transform">
        <input semantic="INPUT" source="#mixamorig_Spine-Matrix-animation-input"/>
        <input semantic="OUTPUT" source="#mixamorig_Spine-Matrix-animation-output-transform"/>
        <input semantic="INTERPOLATION" source="#mixamorig_Spine-Interpolations"/>
      </sampler>
      <channel source="#mixamorig_Spine-Matrix-animation-transform" target="mixamorig_Spine/matrix"/>
    </animation>
    <animation id="mixamorig_Spine1-anim" name="mixamorig_Spine1">
      <source id="mixamorig_Spine1-Matrix-animation-input">
        <float_array id="mixamorig_Spine1-Matrix-animation-input-array" count="31">

0.000000 0.033333 0.066667 0.100000 0.133333 0.166667 0.200000 0.233333 0.266667 0.300000 0.333333 0.366667 0.400000 0.433333 0.466667 0.500000
0.533333 0.566667 0.600000 0.633333 0.666667 0.700000 0.733333 0.766667 0.800000 0.833333 0.866667 0.900000 0.933333 0.966667 1.000000</float_array>
        <technique_common>
          <accessor source="#mixamorig_Spine1-Matrix-animation-input-array" count="31">
            <param name="TIME" type="float"/>
          </accessor>
        </technique_common>
      </source>
      <source id="mixamorig_Spine1-Matrix-animation-output-transform">
        <float_array id="mixamorig_Spine1-Matrix-animation-output-transform-array" count="496">

0.997678 -0.043762 -0.052190 -0.000000 0.029435 0.968046 -0.249041 11.190800 0.061421 0.246926 0.967086 0.000000 0.000000 0.000000 0.000000 1.000000
0.998976 -0.037808 -0.024869 0.000000 0.030698 0.969927 -0.241451 11.190800 0.033249 0.240440 0.970094 0.000000 0.000000 0.000000 0.000000 1.000000
0.999517 -0.031056 0.001119 0.000000 0.030505 0.973619 -0.226132 11.190800 0.005933 0.226057 0.974096 -0.000000 0.000000 0.000000 0.000000 1.000000
0.999378 -0.028932 0.020170 0.000000 0.032478 0.977909 -0.206494 11.190800 -0.013750 0.207021 0.978240 -0.000000 0.000000 0.000000 0.000000 1.000000
0.998927 -0.036746 0.028194 0.000000 0.041499 0.980412 -0.192535 11.190800 -0.020567 0.193498 0.980885 -0.000000 0.000000 0.000000 0.000000 1.000000
0.998120 -0.054858 0.027323 0.000000 0.059105 0.979511 -0.192521 11.190800 -0.016202 0.193774 0.980912 0.000000 0.000000 0.000000 0.000000 1.000000
0.996715 -0.077508 0.023489 0.000000 0.080681 0.975527 -0.204541 11.190800 -0.007061 0.205764 0.978576 0.000000 0.000000 0.000000 0.000000 1.000000
0.995272 -0.095013 0.020143 -0.000000 0.097114 0.970501 -0.220674 11.190800 0.001418 0.221587 0.975140 0.000000 0.000000 0.000000 0.000000 1.000000
0.994939 -0.099033 0.016970 -0.000000 0.100235 0.966604 -0.235857 11.190800 0.006954 0.236365 0.971640 0.000000 0.000000 0.000000 0.000000 1.000000
0.995906 -0.089433 0.013121 0.000000 0.089896 0.964791 -0.247180 11.190800 0.009447 0.247348 0.968881 0.000000 0.000000 0.000000 0.000000 1.000000
0.997200 -0.074316 0.008345 0.000000 0.074060 0.965908 -0.248066 11.190800 0.010374 0.247990 0.968707 0.000000 0.000000 0.000000 0.000000 1.000000
0.998122 -0.061252 0.000999 0.000000 0.059832 0.971226 -0.230523 11.190800 0.013150 0.230150 0.973066 -0.000000 0.000000 0.000000 0.000000 1.000000
0.998585 -0.052068 -0.010841 0.000000 0.048942 0.979406 -0.195881 11.190800 0.020817 0.195073 0.980568 0.000000 0.000000 0.000000 0.000000 1.000000
0.998641 -0.046720 -0.023103 0.000000 0.042413 0.986078 -0.160781 11.190800 0.030293 0.159583 0.986720 0.000000 0.000000 0.000000 0.000000 1.000000
0.998721 -0.043731 -0.025368 -0.000000 0.039648 0.988826 -0.143704 11.190800 0.031369 0.142514 0.989296 0.000000 0.000000 0.000000 0.000000 1.000000
0.999356 -0.033443 -0.013013 0.000000 0.031223 0.989072 -0.144089 11.190800 0.017690 0.143590 0.989479 -0.000000 0.000000 0.000000 0.000000 1.000000
0.999990 -0.002024 0.004016 0.000000 0.002594 0.989073 -0.147405 11.190800 -0.003674 0.147414 0.989068 0.000000 0.000000 0.000000 0.000000 1.000000
0.998669 0.050371 0.011064 0.000000 -0.048203 0.987961 -0.147004 11.190800 -0.018335 0.146275 0.989074 0.000000 0.000000 0.000000 0.000000 1.000000
0.994548 0.104174 0.004784 0.000000 -0.102370 0.984018 -0.145703 11.190800 -0.019886 0.144418 0.989317 0.000000 0.000000 0.000000 0.000000 1.000000
0.990207 0.139446 -0.006664 0.000000 -0.138938 0.979687 -0.144600 11.190800 -0.013635 0.144110 0.989468 0.000000 0.000000 0.000000 0.000000 1.000000
0.988124 0.152728 -0.016861 0.000000 -0.153566 0.977848 -0.142233 11.190800 -0.005236 0.143133 0.989690 0.000000 0.000000 0.000000 0.000000 1.000000
0.988086 0.151426 -0.027484 -0.000000 -0.153800 0.978003 -0.140912 11.190800 0.005541 0.143460 0.989641 0.000000 0.000000 0.000000 0.000000 1.000000
0.989196 0.140338 -0.042393 0.000000 -0.145091 0.978576 -0.146075 11.190800 0.020985 0.150647 0.988365 0.000000 0.000000 0.000000 0.000000 1.000000
0.991058 0.119178 -0.060005 0.000000 -0.127398 0.978862 -0.159994 11.190800 0.039669 0.166208 0.985292 0.000000 0.000000 0.000000 0.000000 1.000000
0.993406 0.088510 -0.072872 0.000000 -0.100400 0.978492 -0.180203 11.190800 0.055355 0.186331 0.980926 -0.000000 0.000000 0.000000 0.000000 1.000000
0.995744 0.052362 -0.075843 0.000000 -0.066740 0.977198 -0.201570 11.190800 0.063559 0.205774 0.976533 0.000000 0.000000 0.000000 0.000000 1.000000
0.997132 0.016223 -0.073917 -0.000000 -0.032118 0.975139 -0.219253 11.190800 0.068522 0.220998 0.972864 0.000000 0.000000 0.000000 0.000000 1.000000
0.997013 -0.014146 -0.075932 0.000000 -0.003877 0.972683 -0.232105 11.190800 0.077141 0.231706 0.969722 0.000000 0.000000 0.000000 0.000000 1.000000
0.996226 -0.033774 -0.079954 -0.000000 0.013509 0.970297 -0.241541 11.190800 0.085737 0.239549 0.967091 0.000000 0.000000 0.000000 0.000000 1.000000
0.996335 -0.042160 -0.074431 0.000000 0.022491 0.968608 -0.247575 11.190800 0.082532 0.244993 0.966006 0.000000 0.000000 0.000000 0.000000 1.000000
0.997678 -0.043762 -0.052190 0.000000 0.029435 0.968046 -0.249041 11.190800 0.061421 0.246926 0.967086 0.000000 0.000000 0.000000 0.000000 1.000000</float_array>
        <technique_common>
          <accessor source="#mixamorig_Spine1-Matrix-animation-output-transform-array" count="31" stride="16">
            <param type="float4x4"/>
          </accessor>
        </technique_common>
      </source>
      <source id="mixamorig_Spine1-Interpolations">
        <Name_array id="mixamorig_Spine1-Interpolations-array" count="31">
 LINEAR LINEAR LINEAR LINEAR LINEAR LINEAR LINEAR LINEAR LINEAR LINEAR LINEAR
LINEAR LINEAR LINEAR LINEAR LINEAR LINEAR LINEAR LINEAR LINEAR LINEAR LINEAR LINEAR
LINEAR LINEAR LINEAR LINEAR LINEAR LINEAR LINEAR LINEAR</Name_array>
        <technique_common>
          <accessor source="#mixamorig_Spine1-Interpolations-array" count="31">
            <param type="name"/>
          </accessor>
        </technique_common>
      </source>
      <sampler id="mixamorig_Spine1-Matrix-animation-transform">
        <input semantic="INPUT" source="#mixamorig_Spine1-Matrix-animation-input"/>
        <input semantic="OUTPUT" source="#mixamorig_Spine1-Matrix-animation-output-transform"/>
        <input semantic="INTERPOLATION" source="#mixamorig_Spine1-Interpolations"/>
      </sampler>
      <channel source="#mixamorig_Spine1-Matrix-animation-transform" target="mixamorig_Spine1/matrix"/>
    </animation>
    <animation id="mixamorig_Spine2-anim" name="mixamorig_Spine2">
      <source id="mixamorig_Spine2-Matrix-animation-input">
        <float_array id="mixamorig_Spine2-Matrix-animation-input-array" count="31">

0.000000 0.033333 0.066667 0.100000 0.133333 0.166667 0.200000 0.233333 0.266667 0.300000 0.333333 0.366667 0.400000 0.433333 0.466667 0.500000
0.533333 0.566667 0.600000 0.633333 0.666667 0.700000 0.733333 0.766667 0.800000 0.833333 0.866667 0.900000 0.933333 0.966667 1.000000</float_array>
        <technique_common>
          <accessor source="#mixamorig_Spine2-Matrix-animation-input-array" count="31">
            <param name="TIME" type="float"/>
          </accessor>
        </technique_common>
      </source>
      <source id="mixamorig_Spine2-Matrix-animation-output-transform">
        <float_array id="mixamorig_Spine2-Matrix-animation-output-transform-array" count="496">

0.998416 -0.048676 -0.028219 0.000000 0.033927 0.920947 -0.388207 12.789500 0.044885 0.386635 0.921140 0.000000 0.000000 0.000000 0.000000 1.000000
0.999355 -0.035861 -0.001674 0.000000 0.032540 0.924522 -0.379737 12.789500 0.015165 0.379438 0.925093 -0.000000 0.000000 0.000000 0.000000 1.000000
0.999497 -0.022463 0.022397 0.000000 0.029084 0.930799 -0.364373 12.789500 -0.012662 0.364841 0.930984 0.000000 0.000000 0.000000 0.000000 1.000000
0.999041 -0.015037 0.041126 0.000000 0.028338 0.938024 -0.345410 12.789500 -0.033383 0.346244 0.937550 0.000000 0.000000 0.000000 0.000000 1.000000
0.998407 -0.019804 0.052825 0.000000 0.036269 0.942534 -0.332136 12.789500 -0.043212 0.333522 0.941751 0.000000 0.000000 0.000000 0.000000 1.000000
0.997600 -0.036639 0.058760 0.000000 0.054144 0.941705 -0.332055 12.789500 -0.043168 0.334440 0.941428 0.000000 0.000000 0.000000 0.000000 1.000000
0.996406 -0.058257 0.061497 -0.000000 0.075918 0.936190 -0.343197 12.789500 -0.037579 0.346632 0.937248 -0.000000 0.000000 0.000000 0.000000 1.000000
0.995341 -0.074086 0.061706 0.000000 0.091370 0.929123 -0.358305 12.789500 -0.030787 0.362274 0.931563 0.000000 0.000000 0.000000 0.000000 1.000000
0.995393 -0.076327 0.058021 0.000000 0.092531 0.923243 -0.372909 12.789500 -0.025105 0.376560 0.926052 0.000000 0.000000 0.000000 0.000000 1.000000
0.996562 -0.066171 0.049865 0.000000 0.080293 0.919792 -0.384105 12.789500 -0.020449 0.386788 0.921942 0.000000 0.000000 0.000000 0.000000 1.000000
0.997866 -0.052896 0.038290 -0.000000 0.063583 0.920660 -0.385153 12.789500 -0.014879 0.386765 0.922058 0.000000 0.000000 0.000000 0.000000 1.000000
0.998730 -0.044614 0.023423 0.000000 0.050107 0.928369 -0.368266 12.789500 -0.005315 0.368972 0.929425 0.000000 0.000000 0.000000 0.000000 1.000000
0.999081 -0.042618 0.004648 -0.000000 0.041713 0.941326 -0.334912 12.789500 0.009898 0.334798 0.942238 0.000000 0.000000 0.000000 0.000000 1.000000
0.998916 -0.044567 -0.013475 0.000000 0.038444 0.952769 -0.301252 12.789500 0.026264 0.300408 0.953449 0.000000 0.000000 0.000000 0.000000 1.000000
0.998730 -0.045746 -0.021089 0.000000 0.037843 0.957700 -0.285268 12.789500 0.033247 0.284108 0.958216 0.000000 0.000000 0.000000 0.000000 1.000000
0.999244 -0.035521 -0.015833 -0.000000 0.029506 0.957669 -0.286356 12.789500 0.025335 0.285672 0.957993 -0.000000 0.000000 0.000000 0.000000 1.000000
0.999942 -0.002889 -0.010408 -0.000000 -0.000253 0.957035 -0.289971 12.789500 0.010799 0.289957 0.956979 0.000000 0.000000 0.000000 0.000000 1.000000
0.998642 0.048468 -0.019128 0.000000 -0.051930 0.955898 -0.289073 12.789500 0.004273 0.289673 0.957116 -0.000000 0.000000 0.000000 0.000000 1.000000
0.994294 0.098546 -0.040849 0.000000 -0.106142 0.952225 -0.286359 12.789500 0.010678 0.289061 0.957251 0.000000 0.000000 0.000000 0.000000 1.000000
0.989585 0.129599 -0.062655 0.000000 -0.142158 0.948300 -0.283758 12.789500 0.022641 0.289710 0.956847 0.000000 0.000000 0.000000 0.000000 1.000000
0.987200 0.139717 -0.076907 0.000000 -0.155901 0.947066 -0.280644 12.789500 0.033625 0.289042 0.956726 0.000000 0.000000 0.000000 0.000000 1.000000
0.986906 0.135916 -0.086850 0.000000 -0.155082 0.947596 -0.279304 12.789500 0.044337 0.289116 0.956267 0.000000 0.000000 0.000000 0.000000 1.000000
0.987705 0.122083 -0.097644 0.000000 -0.145270 0.947517 -0.284794 12.789500 0.057750 0.295477 0.953603 0.000000 0.000000 0.000000 0.000000 1.000000
0.989308 0.098221 -0.107806 0.000000 -0.126502 0.945770 -0.299194 12.789500 0.072573 0.309633 0.948083 0.000000 0.000000 0.000000 0.000000 1.000000
0.991701 0.066476 -0.110045 0.000000 -0.098665 0.942290 -0.319928 12.789500 0.082427 0.328131 0.941029 0.000000 0.000000 0.000000 0.000000 1.000000
0.994464 0.031945 -0.100103 0.000000 -0.064515 0.937586 -0.341718 12.789500 0.082939 0.346284 0.934456 -0.000000 0.000000 0.000000 0.000000 1.000000
0.996435 -0.001172 -0.084360 0.000000 -0.029349 0.932640 -0.359612 12.789500 0.079098 0.360806 0.929281 -0.000000 0.000000 0.000000 0.000000 1.000000
0.996861 -0.029439 -0.073499 0.000000 -0.000053 0.928056 -0.372441 12.789500 0.079176 0.371276 0.925141 0.000000 0.000000 0.000000 0.000000 1.000000
0.996576 -0.047827 -0.067445 0.000000 0.018521 0.924121 -0.381652 12.789500 0.080580 0.379096 0.921842 -0.000000 0.000000 0.000000 0.000000 1.000000
0.997053 -0.053349 -0.055123 0.000000 0.027896 0.921534 -0.387294 12.789500 0.071460 0.384616 0.920307 -0.000000 0.000000 0.000000 0.000000 1.000000
0.998416 -0.048676 -0.028219 -0.000000 0.033927 0.920947 -0.388207 12.789500 0.044885 0.386635 0.921140 -0.000000 0.000000 0.000000 0.000000 1.000000</float_array>
        <technique_common>
          <accessor source="#mixamorig_Spine2-Matrix-animation-output-transform-array" count="31" stride="16">
            <param type="float4x4"/>
          </accessor>
        </technique_common>
      </source>
      <source id="mixamorig_Spine2-Interpolations">
        <Name_array id="mixamorig_Spine2-Interpolations-array" count="31">
 LINEAR LINEAR LINEAR LINEAR LINEAR LINEAR LINEAR LINEAR LINEAR LINEAR LINEAR
LINEAR LINEAR LINEAR LINEAR LINEAR LINEAR LINEAR LINEAR LINEAR LINEAR LINEAR LINEAR
LINEAR LINEAR LINEAR LINEAR LINEAR LINEAR LINEAR LINEAR</Name_array>
        <technique_common>
          <accessor source="#mixamorig_Spine2-Interpolations-array" count="31">
            <param type="name"/>
          </accessor>
        </technique_common>
      </source>
      <sampler id="mixamorig_Spine2-Matrix-animation-transform">
        <input semantic="INPUT" source="#mixamorig_Spine2-Matrix-animation-input"/>
        <input semantic="OUTPUT" source="#mixamorig_Spine2-Matrix-animation-output-transform"/>
        <input semantic="INTERPOLATION" source="#mixamorig_Spine2-Interpolations"/>
      </sampler>
      <channel source="#mixamorig_Spine2-Matrix-animation-transform" target="mixamorig_Spine2/matrix"/>
    </animation>
    <animation id="mixamorig_Neck-anim" name="mixamorig_Neck">
      <source id="mixamorig_Neck-Matrix-animation-input">
        <float_array id="mixamorig_Neck-Matrix-animation-input-array" count="31">

0.000000 0.033333 0.066667 0.100000 0.133333 0.166667 0.200000 0.233333 0.266667 0.300000 0.333333 0.366667 0.400000 0.433333 0.466667 0.500000
0.533333 0.566667 0.600000 0.633333 0.666667 0.700000 0.733333 0.766667 0.800000 0.833333 0.866667 0.900000 0.933333 0.966667 1.000000</float_array>
        <technique_common>
          <accessor source="#mixamorig_Neck-Matrix-animation-input-array" count="31">
            <param name="TIME" type="float"/>
          </accessor>
        </technique_common>
      </source>
      <source id="mixamorig_Neck-Matrix-animation-output-transform">
        <float_array id="mixamorig_Neck-Matrix-animation-output-transform-array" count="496">

0.999713 -0.023817 0.002748 -0.056900 0.023967 0.989778 -0.140592 14.235800 0.000629 0.140617 0.990064 -2.088100 0.000000 0.000000 0.000000 1.000000
0.998957 -0.044830 -0.008623 -0.056900 0.043284 0.990134 -0.133274 14.235800 0.014513 0.132762 0.991042 -2.088100 0.000000 0.000000 0.000000 1.000000
0.998367 -0.053911 -0.018868 -0.056900 0.050999 0.990130 -0.130545 14.235800 0.025719 0.129369 0.991263 -2.088100 0.000000 0.000000 0.000000 1.000000
0.998413 -0.049391 -0.027045 -0.056900 0.045468 0.990437 -0.130257 14.235800 0.033220 0.128821 0.991111 -2.088100 0.000000 0.000000 0.000000 1.000000
0.998771 -0.037170 -0.032770 -0.056900 0.032741 0.991409 -0.126637 14.235800 0.037196 0.125409 0.991408 -2.088100 0.000000 0.000000 0.000000 1.000000
0.999027 -0.024492 -0.036678 -0.056900 0.020123 0.993151 -0.115090 14.235800 0.039246 0.114240 0.992678 -2.088100 0.000000 0.000000 0.000000 1.000000
0.999175 -0.011374 -0.038999 -0.056900 0.007570 0.995318 -0.096354 14.235800 0.039912 0.095980 0.994583 -2.088100 0.000000 0.000000 0.000000 1.000000
0.999267 0.006258 -0.037769 -0.056900 -0.009038 0.997225 -0.073895 14.235800 0.037202 0.074182 0.996551 -2.088100 0.000000 0.000000 0.000000 1.000000
0.999197 0.025817 -0.030647 -0.056900 -0.027269 0.998479 -0.047924 14.235800 0.029363 0.048721 0.998381 -2.088100 0.000000 0.000000 0.000000 1.000000
0.999133 0.037122 -0.018869 -0.056900 -0.037401 0.999193 -0.014656 14.235800 0.018310 0.015349 0.999715 -2.088100 0.000000 0.000000 0.000000 1.000000
0.999255 0.038091 -0.006185 -0.056900 -0.037921 0.998956 0.025487 14.235800 0.007150 -0.025234 0.999656 -2.088100 0.000000 0.000000 0.000000 1.000000
0.998967 0.044924 0.006797 -0.056900 -0.045258 0.997064 0.061760 14.235800 -0.004003 -0.062004 0.998068 -2.088100 0.000000 0.000000 0.000000 1.000000
0.996946 0.074704 0.022773 -0.056900 -0.076345 0.993650 0.082650 14.235800 -0.016455 -0.084136 0.996318 -2.088100 0.000000 0.000000 0.000000 1.000000
0.991930 0.120078 0.040697 -0.056900 -0.123247 0.988531 0.087268 14.235800 -0.029752 -0.091580 0.995353 -2.088100 0.000000 0.000000 0.000000 1.000000
0.986585 0.154002 0.054162 -0.056900 -0.158033 0.984163 0.080310 14.235800 -0.040936 -0.087792 0.995297 -2.088100 0.000000 0.000000 0.000000 1.000000
0.985295 0.159953 0.060077 -0.056900 -0.163804 0.984295 0.065819 14.235800 -0.048606 -0.074692 0.996021 -2.088100 0.000000 0.000000 0.000000 1.000000
0.987429 0.144664 0.063688 -0.056900 -0.148147 0.987499 0.053836 14.235800 -0.055104 -0.062594 0.996517 -2.088100 0.000000 0.000000 0.000000 1.000000
0.990205 0.120244 0.070963 -0.056900 -0.124324 0.990649 0.056191 14.235800 -0.063543 -0.064463 0.995895 -2.088100 0.000000 0.000000 0.000000 1.000000
0.992828 0.089177 0.079619 -0.056900 -0.094305 0.993539 0.063147 14.235800 -0.073473 -0.070202 0.994823 -2.088100 0.000000 0.000000 0.000000 1.000000
0.995119 0.053947 0.082637 -0.056900 -0.057944 0.997224 0.046758 14.235800 -0.079885 -0.051318 0.995482 -2.088100 0.000000 0.000000 0.000000 1.000000
0.996571 0.026584 0.078358 -0.056900 -0.026612 0.999646 -0.000694 14.235800 -0.078348 -0.001394 0.996925 -2.088100 0.000000 0.000000 0.000000 1.000000
0.997261 0.017053 0.071968 -0.056900 -0.013188 0.998462 -0.053849 14.235800 -0.072776 0.052753 0.995952 -2.088100 0.000000 0.000000 0.000000 1.000000
0.997416 0.021574 0.068532 -0.056900 -0.015483 0.995983 -0.088189 14.235800 -0.070159 0.086900 0.993743 -2.088100 0.000000 0.000000 0.000000 1.000000
0.997205 0.030143 0.068363 -0.056900 -0.022882 0.994250 -0.104615 14.235800 -0.071123 0.102758 0.992160 -2.088100 0.000000 0.000000 0.000000 1.000000
0.997003 0.037688 0.067567 -0.056900 -0.029709 0.992872 -0.115425 14.235800 -0.071436 0.113072 0.991016 -2.088100 0.000000 0.000000 0.000000 1.000000
0.997129 0.043467 0.062006 -0.056900 -0.035359 0.991358 -0.126330 14.235800 -0.066962 0.123775 0.990048 -2.088100 0.000000 0.000000 0.000000 1.000000
0.997565 0.046225 0.052225 -0.056900 -0.038733 0.989905 -0.136335 14.235800 -0.058000 0.133980 0.989285 -2.088100 0.000000 0.000000 0.000000 1.000000
0.998176 0.042917 0.042457 -0.056900 -0.036426 0.989001 -0.143350 14.235800 -0.048142 0.141542 0.988761 -2.088100 0.000000 0.000000 0.000000 1.000000
0.998988 0.029950 0.033553 -0.056900 -0.024747 0.988977 -0.145987 14.235800 -0.037556 0.145009 0.988717 -2.088100 0.000000 0.000000 0.000000 1.000000
0.999749 0.006577 0.021430 -0.056900 -0.003415 0.989515 -0.144388 14.235800 -0.022155 0.144278 0.989289 -2.088100 0.000000 0.000000 0.000000 1.000000
0.999713 -0.023817 0.002748 -0.056900 0.023967 0.989778 -0.140592 14.235800 0.000629 0.140617 0.990064 -2.088100 0.000000 0.000000 0.000000 1.000000</float_array>
        <technique_common>
          <accessor source="#mixamorig_Neck-Matrix-animation-output-transform-array" count="31" stride="16">
            <param type="float4x4"/>
          </accessor>
        </technique_common>
      </source>
      <source id="mixamorig_Neck-Interpolations">
        <Name_array id="mixamorig_Neck-Interpolations-array" count="31">
 LINEAR LINEAR LINEAR LINEAR LINEAR LINEAR LINEAR LINEAR LINEAR LINEAR LINEAR
LINEAR LINEAR LINEAR LINEAR LINEAR LINEAR LINEAR LINEAR LINEAR LINEAR LINEAR LINEAR
LINEAR LINEAR LINEAR LINEAR LINEAR LINEAR LINEAR LINEAR</Name_array>
        <technique_common>
          <accessor source="#mixamorig_Neck-Interpolations-array" count="31">
            <param type="name"/>
          </accessor>
        </technique_common>
      </source>
      <sampler id="mixamorig_Neck-Matrix-animation-transform">
        <input semantic="INPUT" source="#mixamorig_Neck-Matrix-animation-input"/>
        <input semantic="OUTPUT" source="#mixamorig_Neck-Matrix-animation-output-transform"/>
        <input semantic="INTERPOLATION" source="#mixamorig_Neck-Interpolations"/>
      </sampler>
      <channel source="#mixamorig_Neck-Matrix-animation-transform" target="mixamorig_Neck/matrix"/>
    </animation>
    <animation id="mixamorig_Head-anim" name="mixamorig_Head">
      <source id="mixamorig_Head-Matrix-animation-input">
        <float_array id="mixamorig_Head-Matrix-animation-input-array" count="31">

0.000000 0.033333 0.066667 0.100000 0.133333 0.166667 0.200000 0.233333 0.266667 0.300000 0.333333 0.366667 0.400000 0.433333 0.466667 0.500000
0.533333 0.566667 0.600000 0.633333 0.666667 0.700000 0.733333 0.766667 0.800000 0.833333 0.866667 0.900000 0.933333 0.966667 1.000000</float_array>
        <technique_common>
          <accessor source="#mixamorig_Head-Matrix-animation-input-array" count="31">
            <param name="TIME" type="float"/>
          </accessor>
        </technique_common>
      </source>
      <source id="mixamorig_Head-Matrix-animation-output-transform">
        <float_array id="mixamorig_Head-Matrix-animation-output-transform-array" count="496">

0.992245 -0.111747 0.054437 0.000000 0.124199 0.873599 -0.470531 3.280200 0.005024 0.473643 0.880703 0.313300 0.000000 0.000000 0.000000 1.000000
0.969960 -0.238651 -0.047145 0.000000 0.196648 0.883311 -0.425547 3.280200 0.143201 0.403493 0.903707 0.313300 0.000000 0.000000 0.000000 1.000000
0.945057 -0.297188 -0.136186 0.000000 0.219148 0.885068 -0.410644 3.280200 0.242572 0.358237 0.901568 0.313300 0.000000 0.000000 0.000000 1.000000
0.936209 -0.279289 -0.213331 0.000000 0.180205 0.902631 -0.390875 3.280200 0.301726 0.327497 0.895381 0.313300 0.000000 0.000000 0.000000 1.000000
0.931311 -0.222084 -0.288683 0.000000 0.119058 0.934680 -0.334961 3.280200 0.344216 0.277583 0.896919 0.313300 0.000000 0.000000 0.000000 1.000000
0.912070 -0.172180 -0.372133 0.000000 0.083621 0.966596 -0.242280 3.280200 0.401418 0.189858 0.896001 0.313300 0.000000 0.000000 0.000000 1.000000
0.879664 -0.134741 -0.456109 -0.000000 0.083847 0.987944 -0.130143 3.280200 0.468145 0.076239 0.880356 0.313300 0.000000 0.000000 0.000000 1.000000
0.856106 -0.094091 -0.508163 0.000000 0.107013 0.994250 -0.003808 3.280200 0.505600 -0.051120 0.861252 0.313300 0.000000 0.000000 0.000000 1.000000
0.866646 -0.060879 -0.495195 0.000000 0.147825 0.979294 0.138315 3.280200 0.476521 -0.193073 0.857701 0.313300 0.000000 0.000000 0.000000 1.000000
0.907175 -0.059428 -0.416535 -0.000000 0.193439 0.938056 0.287459 3.280200 0.373650 -0.341350 0.862477 0.313300 0.000000 0.000000 0.000000 1.000000
0.946719 -0.088632 -0.309624 -0.000000 0.221222 0.877657 0.425182 3.280200 0.234059 -0.471024 0.850502 0.313300 0.000000 0.000000 0.000000 1.000000
0.968900 -0.131123 -0.209857 0.000000 0.225915 0.814773 0.533954 3.280200 0.100972 -0.564758 0.819056 0.313300 0.000000 0.000000 0.000000 1.000000
0.978295 -0.175154 -0.110721 -0.000000 0.205873 0.760866 0.615385 3.280200 -0.023544 -0.624823 0.780411 0.313300 0.000000 0.000000 0.000000 1.000000
0.978760 -0.204749 0.010319 -0.000000 0.144305 0.723824 0.674726 3.280200 -0.145618 -0.658906 0.737996 0.313300 0.000000 0.000000 0.000000 1.000000
0.968696 -0.201984 0.144328 -0.000000 0.046173 0.717830 0.694686 3.280200 -0.243918 -0.666275 0.704685 0.313300 0.000000 0.000000 0.000000 1.000000
0.947916 -0.175243 0.265980 0.000000 -0.043617 0.755768 0.653386 3.280200 -0.315520 -0.630956 0.708761 0.313300 0.000000 0.000000 0.000000 1.000000
0.912466 -0.154819 0.378731 -0.000000 -0.088642 0.828861 0.552388 3.280200 -0.399436 -0.537606 0.742584 0.313300 0.000000 0.000000 0.000000 1.000000
0.852245 -0.142232 0.503437 0.000000 -0.093127 0.905714 0.413534 3.280200 -0.514788 -0.399315 0.758644 0.313300 0.000000 0.000000 0.000000 1.000000
0.768615 -0.101387 0.631626 0.000000 -0.079587 0.964535 0.251672 3.280200 -0.634741 -0.243708 0.733287 0.313300 0.000000 0.000000 0.000000 1.000000
0.690106 -0.014257 0.723568 0.000000 -0.051020 0.996360 0.068292 3.280200 -0.721908 -0.084045 0.686867 0.313300 0.000000 0.000000 0.000000 1.000000
0.653454 0.093281 0.751197 0.000000 -0.006533 0.993036 -0.117629 3.280200 -0.756938 0.071957 0.649513 0.313300 0.000000 0.000000 0.000000 1.000000
0.663052 0.186147 0.725060 -0.000000 0.032012 0.960651 -0.275906 3.280200 -0.747889 0.206151 0.631003 0.313300 0.000000 0.000000 0.000000 1.000000
0.690369 0.250899 0.678558 0.000000 0.046253 0.920711 -0.387495 3.280200 -0.721978 0.298900 0.624025 0.313300 0.000000 0.000000 0.000000 1.000000
0.716091 0.285842 0.636794 0.000000 0.041696 0.893158 -0.447806 3.280200 -0.696760 0.347222 0.627664 0.313300 0.000000 0.000000 0.000000 1.000000
0.751380 0.286822 0.594274 -0.000000 0.033149 0.883049 -0.468109 3.280200 -0.659037 0.371427 0.653997 0.313300 0.000000 0.000000 0.000000 1.000000
0.809930 0.259738 0.525879 -0.000000 0.026479 0.879493 -0.475174 3.280200 -0.585928 0.398783 0.705450 0.313300 0.000000 0.000000 0.000000 1.000000
0.873640 0.230566 0.428476 0.000000 0.013406 0.868862 -0.494873 3.280200 -0.486388 0.438085 0.755982 0.313300 0.000000 0.000000 0.000000 1.000000
0.917311 0.214127 0.335693 0.000000 -0.008484 0.853407 -0.521177 3.280200 -0.398081 0.475233 0.784656 0.313300 0.000000 0.000000 0.000000 1.000000
0.947588 0.178598 0.264915 0.000000 -0.013375 0.850615 -0.525619 3.280200 -0.319215 0.494527 0.808421 0.313300 0.000000 0.000000 0.000000 1.000000
0.980008 0.074570 0.184456 0.000000 0.028014 0.866151 -0.498997 3.280200 -0.196977 0.494188 0.846746 0.313300 0.000000 0.000000 0.000000 1.000000
0.992245 -0.111747 0.054437 0.000000 0.124199 0.873599 -0.470531 3.280200 0.005024 0.473643 0.880703 0.313300 0.000000 0.000000 0.000000 1.000000</float_array>
        <technique_common>
