<?xml version="1.0" encoding="utf-8"?>
<COLLADA xmlns="http://www.collada.org/2005/11/COLLADASchema" version="1.4.1">
  <asset>
    <contributor>
      <author>Mixamo</author>
      <authoring_tool>COLLADA Mixamo exporter</authoring_tool>
      <comments/>
    </contributor>
    <created>2024-12-17T19:08:56Z</created>
    <modified>2024-12-17T19:08:56Z</modified>
    <revision/>
    <title/>
    <unit meter="0.010000"/>
    <up_axis>Y_UP</up_axis>
  </asset>
  <library_animations>
    <animation id="mixamorig_Hips-anim" name="mixamorig_Hips">
      <source id="mixamorig_Hips-Matrix-animation-input">
        <float_array id="mixamorig_Hips-Matrix-animation-input-array" count="251">

0.000000 0.033333 0.066667 0.100000 0.133333 0.166667 0.200000 0.233333 0.266667 0.300000 0.333333 0.366667 0.400000 0.433333 0.466667 0.500000
0.533333 0.566667 0.600000 0.633333 0.666667 0.700000 0.733333 0.766667 0.800000 0.833333 0.866667 0.900000 0.933333 0.966667 1.000000 1.033333
1.066667 1.100000 1.133333 1.166667 1.200000 1.233333 1.266667 1.300000 1.333333 1.366667 1.400000 1.433333 1.466667 1.500000 1.533333 1.566667
1.600000 1.633333 1.666667 1.700000 1.733333 1.766667 1.800000 1.833333 1.866667 1.900000 1.933333 1.966667 2.000000 2.033333 2.066667 2.100000
2.133333 2.166667 2.200000 2.233333 2.266667 2.300000 2.333333 2.366667 2.400000 2.433333 2.466667 2.500000 2.533333 2.566667 2.600000 2.633333
2.666667 2.700000 2.733333 2.766667 2.800000 2.833333 2.866667 2.900000 2.933333 2.966667 3.000000 3.033333 3.066667 3.100000 3.133333 3.166667
3.200000 3.233333 3.266667 3.300000 3.333333 3.366667 3.400000 3.433333 3.466667 3.500000 3.533333 3.566667 3.600000 3.633333 3.666667 3.700000
3.733333 3.766667 3.800000 3.833333 3.866667 3.900000 3.933333 3.966667 4.000000 4.033333 4.066667 4.100000 4.133333 4.166667 4.200000 4.233333
4.266667 4.300000 4.333333 4.366667 4.400000 4.433333 4.466667 4.500000 4.533333 4.566667 4.600000 4.633333 4.666667 4.700000 4.733333 4.766667
4.800000 4.833333 4.866667 4.900000 4.933333 4.966667 5.000000 5.033333 5.066667 5.100000 5.133333 5.166667 5.200000 5.233333 5.266667 5.300000
5.333333 5.366667 5.400000 5.433333 5.466667 5.500000 5.533333 5.566667 5.600000 5.633333 5.666667 5.700000 5.733333 5.766667 5.800000 5.833333
5.866667 5.900000 5.933333 5.966667 6.000000 6.033333 6.066667 6.100000 6.133333 6.166667 6.200000 6.233333 6.266667 6.300000 6.333333 6.366667
6.400000 6.433333 6.466667 6.500000 6.533333 6.566667 6.600000 6.633333 6.666667 6.700000 6.733333 6.766667 6.800000 6.833333 6.866667 6.900000
6.933333 6.966667 7.000000 7.033333 7.066667 7.100000 7.133333 7.166667 7.200000 7.233333 7.266667 7.300000 7.333333 7.366667 7.400000 7.433333
7.466667 7.500000 7.533333 7.566667 7.600000 7.633333 7.666667 7.700000 7.733333 7.766667 7.800000 7.833333 7.866667 7.900000 7.933333 7.966667
8.000000 8.033333 8.066667 8.100000 8.133333 8.166667 8.200000 8.233333 8.266667 8.300000 8.333333</float_array>
        <technique_common>
          <accessor source="#mixamorig_Hips-Matrix-animation-input-array" count="251">
            <param name="TIME" type="float"/>
          </accessor>
        </technique_common>
      </source>
      <source id="mixamorig_Hips-Matrix-animation-output-transform">
        <float_array id="mixamorig_Hips-Matrix-animation-output-transform-array" count="4016">

0.995353 0.092269 0.027553 0.302300 -0.092721 0.995570 0.015583 103.140198 -0.025993 -0.018065 0.999499 1.025897 0.000000 0.000000 0.000000 1.000000
0.995341 0.092370 0.027623 0.314508 -0.092820 0.995563 0.015461 103.142792 -0.026072 -0.017953 0.999499 1.055159 0.000000 0.000000 0.000000 1.000000
0.995325 0.092495 0.027792 0.326510 -0.092946 0.995552 0.015372 103.147034 -0.026247 -0.017883 0.999496 1.084774 0.000000 0.000000 0.000000 1.000000
0.995305 0.092637 0.028029 0.338532 -0.093090 0.995540 0.015297 103.151680 -0.026487 -0.017835 0.999490 1.114235 0.000000 0.000000 0.000000 1.000000
0.995285 0.092786 0.028256 0.350930 -0.093240 0.995527 0.015215 103.155182 -0.026718 -0.017778 0.999485 1.142767 0.000000 0.000000 0.000000 1.000000
0.995267 0.092933 0.028398 0.363759 -0.093387 0.995515 0.015122 103.156960 -0.026865 -0.017703 0.999482 1.169689 0.000000 0.000000 0.000000 1.000000
0.995251 0.093094 0.028437 0.377083 -0.093547 0.995501 0.015041 103.157890 -0.026909 -0.017630 0.999482 1.194897 0.000000 0.000000 0.000000 1.000000
0.995234 0.093284 0.028414 0.390838 -0.093736 0.995484 0.014989 103.158966 -0.026887 -0.017581 0.999484 1.218691 0.000000 0.000000 0.000000 1.000000
0.995214 0.093510 0.028381 0.405116 -0.093960 0.995464 0.014955 103.160095 -0.026854 -0.017550 0.999485 1.241362 0.000000 0.000000 0.000000 1.000000
0.995190 0.093764 0.028382 0.419918 -0.094213 0.995440 0.014912 103.159988 -0.026855 -0.017514 0.999486 1.262787 0.000000 0.000000 0.000000 1.000000
0.995162 0.094045 0.028442 0.435426 -0.094493 0.995415 0.014832 103.157928 -0.026917 -0.017448 0.999485 1.282484 0.000000 0.000000 0.000000 1.000000
0.995129 0.094361 0.028539 0.451459 -0.094806 0.995387 0.014691 103.154846 -0.027021 -0.017325 0.999485 1.300047 0.000000 0.000000 0.000000 1.000000
0.995096 0.094692 0.028588 0.467318 -0.095133 0.995359 0.014464 103.152611 -0.027085 -0.017113 0.999487 1.315379 0.000000 0.000000 0.000000 1.000000
0.995069 0.094996 0.028503 0.481979 -0.095427 0.995336 0.014136 103.152725 -0.027027 -0.016787 0.999494 1.328679 0.000000 0.000000 0.000000 1.000000
0.995054 0.095223 0.028297 0.494886 -0.095638 0.995322 0.013718 103.155731 -0.026858 -0.016357 0.999505 1.340176 0.000000 0.000000 0.000000 1.000000
0.995048 0.095347 0.028097 0.506754 -0.095746 0.995318 0.013247 103.161453 -0.026703 -0.015871 0.999517 1.350158 0.000000 0.000000 0.000000 1.000000
0.995047 0.095367 0.028042 0.519184 -0.095753 0.995323 0.012759 103.169533 -0.026694 -0.015381 0.999525 1.359173 0.000000 0.000000 0.000000 1.000000
0.995049 0.095310 0.028165 0.533424 -0.095685 0.995336 0.012278 103.178642 -0.026863 -0.014912 0.999528 1.368105 0.000000 0.000000 0.000000 1.000000
0.995051 0.095226 0.028386 0.549274 -0.095592 0.995350 0.011817 103.186478 -0.027128 -0.014472 0.999527 1.377722 0.000000 0.000000 0.000000 1.000000
0.995050 0.095173 0.028599 0.565583 -0.095531 0.995361 0.011401 103.190781 -0.027381 -0.014077 0.999526 1.388169 0.000000 0.000000 0.000000 1.000000
0.995044 0.095184 0.028752 0.581257 -0.095534 0.995365 0.011050 103.191330 -0.027567 -0.013742 0.999525 1.398929 0.000000 0.000000 0.000000 1.000000
0.995035 0.095252 0.028852 0.595907 -0.095596 0.995362 0.010771 103.190521 -0.027692 -0.013476 0.999526 1.409369 0.000000 0.000000 0.000000 1.000000
0.995025 0.095344 0.028901 0.609634 -0.095683 0.995356 0.010560 103.191643 -0.027760 -0.013272 0.999526 1.418985 0.000000 0.000000 0.000000 1.000000
0.995018 0.095426 0.028861 0.622692 -0.095759 0.995350 0.010406 103.196114 -0.027733 -0.013118 0.999529 1.427139 0.000000 0.000000 0.000000 1.000000
0.995018 0.095481 0.028662 0.635295 -0.095809 0.995347 0.010290 103.202942 -0.027546 -0.012985 0.999536 1.432747 0.000000 0.000000 0.000000 1.000000
0.995026 0.095517 0.028276 0.647851 -0.095837 0.995345 0.010171 103.209366 -0.027173 -0.012830 0.999548 1.434552 0.000000 0.000000 0.000000 1.000000
0.995036 0.095566 0.027755 0.660779 -0.095875 0.995343 0.010009 103.212723 -0.026670 -0.012620 0.999565 1.431804 0.000000 0.000000 0.000000 1.000000
0.995041 0.095672 0.027198 0.674272 -0.095968 0.995336 0.009805 103.212006 -0.026133 -0.012367 0.999582 1.424712 0.000000 0.000000 0.000000 1.000000
0.995037 0.095859 0.026673 0.688448 -0.096144 0.995321 0.009620 103.208145 -0.025626 -0.012137 0.999598 1.414294 0.000000 0.000000 0.000000 1.000000
0.995027 0.096104 0.026190 0.703376 -0.096381 0.995299 0.009526 103.203560 -0.025152 -0.012003 0.999612 1.402035 0.000000 0.000000 0.000000 1.000000
0.995014 0.096358 0.025716 0.719223 -0.096630 0.995275 0.009550 103.199989 -0.024674 -0.011988 0.999624 1.389499 0.000000 0.000000 0.000000 1.000000
0.995005 0.096586 0.025230 0.736233 -0.096855 0.995252 0.009664 103.198105 -0.024177 -0.012059 0.999635 1.377988 0.000000 0.000000 0.000000 1.000000
0.994997 0.096789 0.024763 0.754421 -0.097056 0.995230 0.009818 103.197372 -0.023694 -0.012172 0.999645 1.368082 0.000000 0.000000 0.000000 1.000000
0.994987 0.096984 0.024391 0.773533 -0.097250 0.995210 0.009974 103.196693 -0.023307 -0.012296 0.999653 1.359453 0.000000 0.000000 0.000000 1.000000
0.994973 0.097175 0.024206 0.793287 -0.097442 0.995190 0.010108 103.195145 -0.023107 -0.012416 0.999656 1.351253 0.000000 0.000000 0.000000 1.000000
0.994954 0.097360 0.024254 0.813824 -0.097630 0.995170 0.010210 103.192680 -0.023143 -0.012526 0.999654 1.343047 0.000000 0.000000 0.000000 1.000000
0.994930 0.097537 0.024503 0.835062 -0.097813 0.995151 0.010303 103.190422 -0.023380 -0.012648 0.999647 1.335439 0.000000 0.000000 0.000000 1.000000
0.994904 0.097714 0.024851 0.856610 -0.097997 0.995132 0.010443 103.189850 -0.023710 -0.012825 0.999637 1.329766 0.000000 0.000000 0.000000 1.000000
0.994879 0.097884 0.025175 0.878238 -0.098177 0.995112 0.010672 103.191032 -0.024007 -0.013089 0.999626 1.326946 0.000000 0.000000 0.000000 1.000000
0.994859 0.098037 0.025382 0.899883 -0.098340 0.995092 0.010976 103.192535 -0.024181 -0.013416 0.999618 1.326606 0.000000 0.000000 0.000000 1.000000
0.994844 0.098174 0.025441 0.921324 -0.098486 0.995074 0.011290 103.192604 -0.024208 -0.013737 0.999613 1.327363 0.000000 0.000000 0.000000 1.000000
0.994832 0.098310 0.025405 0.941335 -0.098627 0.995057 0.011556 103.191284 -0.024143 -0.014001 0.999610 1.327988 0.000000 0.000000 0.000000 1.000000
0.994817 0.098461 0.025379 0.958318 -0.098783 0.995039 0.011775 103.190353 -0.024094 -0.014221 0.999609 1.328471 0.000000 0.000000 0.000000 1.000000
0.994799 0.098624 0.025461 0.970867 -0.098953 0.995020 0.012002 103.191299 -0.024151 -0.014459 0.999604 1.329982 0.000000 0.000000 0.000000 1.000000
0.994778 0.098777 0.025679 0.978897 -0.099116 0.995000 0.012287 103.194382 -0.024337 -0.014768 0.999595 1.333797 0.000000 0.000000 0.000000 1.000000
0.994758 0.098895 0.025986 0.983464 -0.099248 0.994983 0.012631 103.198288 -0.024606 -0.015144 0.999583 1.340294 0.000000 0.000000 0.000000 1.000000
0.994741 0.098983 0.026310 0.985802 -0.099349 0.994968 0.012988 103.201317 -0.024892 -0.015534 0.999569 1.349035 0.000000 0.000000 0.000000 1.000000
0.994724 0.099072 0.026608 0.986504 -0.099451 0.994953 0.013317 103.202263 -0.025155 -0.015893 0.999557 1.359701 0.000000 0.000000 0.000000 1.000000
0.994705 0.099192 0.026875 0.985508 -0.099583 0.994936 0.013620 103.200974 -0.025388 -0.016225 0.999546 1.372557 0.000000 0.000000 0.000000 1.000000
0.994684 0.099335 0.027123 0.982901 -0.099738 0.994916 0.013928 103.198570 -0.025601 -0.016559 0.999535 1.387798 0.000000 0.000000 0.000000 1.000000
0.994668 0.099439 0.027354 0.979605 -0.099854 0.994900 0.014247 103.196976 -0.025798 -0.016902 0.999524 1.404741 0.000000 0.000000 0.000000 1.000000
0.994662 0.099446 0.027545 0.976918 -0.099872 0.994894 0.014548 103.197922 -0.025957 -0.017221 0.999515 1.422059 0.000000 0.000000 0.000000 1.000000
0.994669 0.099346 0.027655 0.975557 -0.099780 0.994899 0.014794 103.201385 -0.026044 -0.017475 0.999508 1.438613 0.000000 0.000000 0.000000 1.000000
0.994684 0.099188 0.027660 0.975070 -0.099627 0.994912 0.014983 103.205315 -0.026033 -0.017659 0.999505 1.453781 0.000000 0.000000 0.000000 1.000000
0.994699 0.099060 0.027577 0.974268 -0.099502 0.994922 0.015142 103.206924 -0.025937 -0.017805 0.999505 1.467206 0.000000 0.000000 0.000000 1.000000
0.994705 0.099034 0.027463 0.972273 -0.099478 0.994922 0.015301 103.204948 -0.025808 -0.017952 0.999506 1.478675 0.000000 0.000000 0.000000 1.000000
0.994701 0.099102 0.027369 0.969313 -0.099549 0.994912 0.015468 103.200966 -0.025697 -0.018111 0.999506 1.488426 0.000000 0.000000 0.000000 1.000000
0.994697 0.099165 0.027293 0.966588 -0.099614 0.994904 0.015619 103.198441 -0.025605 -0.018255 0.999505 1.497192 0.000000 0.000000 0.000000 1.000000
0.994706 0.099102 0.027175 0.965014 -0.099552 0.994908 0.015718 103.199989 -0.025478 -0.018340 0.999507 1.505704 0.000000 0.000000 0.000000 1.000000
0.994734 0.098880 0.026959 0.964675 -0.099326 0.994930 0.015745 103.205254 -0.025266 -0.018340 0.999513 1.514205 0.000000 0.000000 0.000000 1.000000
0.994772 0.098581 0.026664 0.964616 -0.099021 0.994961 0.015704 103.211372 -0.024981 -0.018262 0.999521 1.522511 0.000000 0.000000 0.000000 1.000000
0.994805 0.098324 0.026381 0.963871 -0.098756 0.994989 0.015611 103.215904 -0.024714 -0.018136 0.999530 1.530520 0.000000 0.000000 0.000000 1.000000
0.994826 0.098155 0.026215 0.961884 -0.098581 0.995009 0.015484 103.218468 -0.024564 -0.017988 0.999536 1.538574 0.000000 0.000000 0.000000 1.000000
0.994837 0.098039 0.026212 0.958614 -0.098461 0.995023 0.015330 103.220558 -0.024579 -0.017832 0.999539 1.547335 0.000000 0.000000 0.000000 1.000000
0.994845 0.097919 0.026350 0.954046 -0.098340 0.995037 0.015164 103.223740 -0.024735 -0.017677 0.999538 1.557376 0.000000 0.000000 0.000000 1.000000
0.994855 0.097768 0.026561 0.948208 -0.098188 0.995055 0.015002 103.228249 -0.024963 -0.017533 0.999535 1.568834 0.000000 0.000000 0.000000 1.000000
0.994867 0.097587 0.026772 0.941424 -0.098008 0.995075 0.014860 103.233414 -0.025190 -0.017407 0.999531 1.581421 0.000000 0.000000 0.000000 1.000000
0.994882 0.097389 0.026932 0.934425 -0.097809 0.995096 0.014736 103.238632 -0.025365 -0.017295 0.999529 1.594633 0.000000 0.000000 0.000000 1.000000
0.994901 0.097171 0.027020 0.928112 -0.097590 0.995119 0.014619 103.243195 -0.025467 -0.017181 0.999528 1.607756 0.000000 0.000000 0.000000 1.000000
0.994923 0.096943 0.027030 0.922780 -0.097359 0.995144 0.014497 103.246582 -0.025494 -0.017055 0.999529 1.619920 0.000000 0.000000 0.000000 1.000000
0.994946 0.096719 0.026965 0.917713 -0.097130 0.995168 0.014375 103.248901 -0.025445 -0.016921 0.999533 1.630226 0.000000 0.000000 0.000000 1.000000
0.994971 0.096509 0.026818 0.911686 -0.096914 0.995190 0.014264 103.250816 -0.025312 -0.016792 0.999539 1.638063 0.000000 0.000000 0.000000 1.000000
0.994997 0.096307 0.026583 0.903977 -0.096707 0.995212 0.014163 103.253235 -0.025092 -0.016663 0.999546 1.643197 0.000000 0.000000 0.000000 1.000000
0.995024 0.096106 0.026269 0.894887 -0.096497 0.995234 0.014048 103.256096 -0.024793 -0.016513 0.999556 1.645512 0.000000 0.000000 0.000000 1.000000
0.995052 0.095917 0.025896 0.885148 -0.096299 0.995255 0.013903 103.258148 -0.024439 -0.016328 0.999568 1.644752 0.000000 0.000000 0.000000 1.000000
0.995077 0.095774 0.025492 0.875144 -0.096145 0.995273 0.013738 103.258453 -0.024056 -0.016121 0.999581 1.640623 0.000000 0.000000 0.000000 1.000000
0.995095 0.095693 0.025071 0.864987 -0.096054 0.995284 0.013579 103.257347 -0.023653 -0.015921 0.999593 1.633240 0.000000 0.000000 0.000000 1.000000
0.995111 0.095646 0.024626 0.855095 -0.095996 0.995291 0.013441 103.255913 -0.023224 -0.015739 0.999606 1.623390 0.000000 0.000000 0.000000 1.000000
0.995129 0.095578 0.024145 0.846284 -0.095917 0.995300 0.013310 103.254471 -0.022760 -0.015561 0.999620 1.612308 0.000000 0.000000 0.000000 1.000000
0.995152 0.095461 0.023652 0.839119 -0.095790 0.995314 0.013176 103.252647 -0.022284 -0.015378 0.999633 1.601120 0.000000 0.000000 0.000000 1.000000
0.995177 0.095308 0.023218 0.833310 -0.095627 0.995332 0.013057 103.250153 -0.021865 -0.015214 0.999645 1.590493 0.000000 0.000000 0.000000 1.000000
0.995199 0.095149 0.022926 0.827882 -0.095463 0.995348 0.012996 103.248009 -0.021583 -0.015122 0.999653 1.580872 0.000000 0.000000 0.000000 1.000000
0.995216 0.095000 0.022820 0.821804 -0.095313 0.995362 0.013033 103.247696 -0.021476 -0.015146 0.999655 1.572723 0.000000 0.000000 0.000000 1.000000
0.995228 0.094857 0.022883 0.814689 -0.095173 0.995374 0.013164 103.249672 -0.021528 -0.015280 0.999651 1.566327 0.000000 0.000000 0.000000 1.000000
0.995238 0.094707 0.023062 0.806901 -0.095030 0.995385 0.013338 103.252617 -0.021692 -0.015466 0.999645 1.561290 0.000000 0.000000 0.000000 1.000000
0.995248 0.094545 0.023296 0.799150 -0.094875 0.995398 0.013496 103.254456 -0.021913 -0.015642 0.999638 1.556567 0.000000 0.000000 0.000000 1.000000
0.995257 0.094391 0.023534 0.791653 -0.094727 0.995410 0.013616 103.253563 -0.022140 -0.015781 0.999630 1.551073 0.000000 0.000000 0.000000 1.000000
0.995262 0.094289 0.023742 0.783877 -0.094632 0.995418 0.013728 103.249847 -0.022339 -0.015910 0.999624 1.544218 0.000000 0.000000 0.000000 1.000000
0.995259 0.094278 0.023912 0.774883 -0.094626 0.995416 0.013876 103.243935 -0.022495 -0.016073 0.999618 1.535989 0.000000 0.000000 0.000000 1.000000
0.995247 0.094361 0.024052 0.763780 -0.094717 0.995405 0.014077 103.236610 -0.022614 -0.016288 0.999612 1.526901 0.000000 0.000000 0.000000 1.000000
0.995231 0.094503 0.024167 0.750171 -0.094865 0.995387 0.014303 103.228241 -0.022704 -0.016528 0.999606 1.517973 0.000000 0.000000 0.000000 1.000000
0.995215 0.094653 0.024244 0.734126 -0.095022 0.995369 0.014512 103.219475 -0.022758 -0.016747 0.999601 1.510724 0.000000 0.000000 0.000000 1.000000
0.995204 0.094766 0.024266 0.715748 -0.095139 0.995356 0.014687 103.211441 -0.022762 -0.016925 0.999598 1.506512 0.000000 0.000000 0.000000 1.000000
0.995200 0.094815 0.024239 0.695144 -0.095190 0.995348 0.014839 103.205841 -0.022719 -0.017075 0.999596 1.505702 0.000000 0.000000 0.000000 1.000000
0.995204 0.094786 0.024197 0.672598 -0.095164 0.995349 0.014978 103.203720 -0.022665 -0.017209 0.999595 1.507216 0.000000 0.000000 0.000000 1.000000
0.995214 0.094684 0.024186 0.649029 -0.095064 0.995357 0.015080 103.204628 -0.022646 -0.017308 0.999594 1.509232 0.000000 0.000000 0.000000 1.000000
0.995227 0.094532 0.024214 0.625702 -0.094913 0.995371 0.015108 103.206635 -0.022673 -0.017335 0.999593 1.510416 0.000000 0.000000 0.000000 1.000000
0.995242 0.094365 0.024244 0.603597 -0.094745 0.995388 0.015049 103.207886 -0.022712 -0.017274 0.999593 1.510554 0.000000 0.000000 0.000000 1.000000
0.995258 0.094205 0.024230 0.582787 -0.094583 0.995405 0.014938 103.207718 -0.022712 -0.017159 0.999595 1.510035 0.000000 0.000000 0.000000 1.000000
0.995273 0.094064 0.024171 0.562940 -0.094438 0.995420 0.014831 103.206329 -0.022665 -0.017043 0.999598 1.508986 0.000000 0.000000 0.000000 1.000000
0.995285 0.093949 0.024131 0.543780 -0.094321 0.995433 0.014754 103.204079 -0.022635 -0.016960 0.999600 1.507071 0.000000 0.000000 0.000000 1.000000
0.995291 0.093863 0.024199 0.525689 -0.094235 0.995442 0.014691 103.201157 -0.022710 -0.016902 0.999599 1.503974 0.000000 0.000000 0.000000 1.000000
0.995293 0.093793 0.024397 0.509451 -0.094166 0.995449 0.014610 103.197533 -0.022916 -0.016839 0.999596 1.499795 0.000000 0.000000 0.000000 1.000000
0.995294 0.093716 0.024632 0.495425 -0.094090 0.995458 0.014500 103.194023 -0.023161 -0.016749 0.999591 1.494952 0.000000 0.000000 0.000000 1.000000
0.995301 0.093612 0.024754 0.483324 -0.093985 0.995470 0.014368 103.191727 -0.023297 -0.016627 0.999590 1.489628 0.000000 0.000000 0.000000 1.000000
0.995316 0.093471 0.024696 0.472729 -0.093840 0.995486 0.014216 103.190895 -0.023256 -0.016467 0.999594 1.483373 0.000000 0.000000 0.000000 1.000000
0.995335 0.093311 0.024533 0.463677 -0.093673 0.995504 0.014024 103.190979 -0.023114 -0.016257 0.999601 1.475550 0.000000 0.000000 0.000000 1.000000
0.995351 0.093168 0.024411 0.456407 -0.093522 0.995522 0.013779 103.190895 -0.023018 -0.015998 0.999607 1.466091 0.000000 0.000000 0.000000 1.000000
0.995359 0.093084 0.024398 0.450784 -0.093431 0.995534 0.013502 103.189911 -0.023033 -0.015719 0.999611 1.455759 0.000000 0.000000 0.000000 1.000000
0.995358 0.093086 0.024440 0.446191 -0.093428 0.995538 0.013238 103.187782 -0.023099 -0.015460 0.999614 1.445579 0.000000 0.000000 0.000000 1.000000
0.995352 0.093160 0.024425 0.442287 -0.093496 0.995535 0.013010 103.184647 -0.023104 -0.015233 0.999617 1.436013 0.000000 0.000000 0.000000 1.000000
0.995346 0.093252 0.024283 0.439709 -0.093582 0.995529 0.012800 103.181404 -0.022981 -0.015013 0.999623 1.426960 0.000000 0.000000 0.000000 1.000000
0.995348 0.093301 0.024031 0.439129 -0.093622 0.995528 0.012579 103.179352 -0.022750 -0.014771 0.999632 1.418369 0.000000 0.000000 0.000000 1.000000
0.995356 0.093293 0.023744 0.440691 -0.093604 0.995533 0.012344 103.179611 -0.022486 -0.014509 0.999642 1.410604 0.000000 0.000000 0.000000 1.000000
0.995364 0.093264 0.023519 0.443924 -0.093567 0.995539 0.012116 103.181709 -0.022284 -0.014261 0.999650 1.404067 0.000000 0.000000 0.000000 1.000000
0.995365 0.093272 0.023443 0.448382 -0.093569 0.995541 0.011916 103.183899 -0.022227 -0.014054 0.999654 1.398745 0.000000 0.000000 0.000000 1.000000
0.995357 0.093327 0.023546 0.454120 -0.093622 0.995539 0.011739 103.184875 -0.022345 -0.013888 0.999654 1.394228 0.000000 0.000000 0.000000 1.000000
0.995346 0.093384 0.023787 0.461251 -0.093678 0.995535 0.011568 103.184502 -0.022600 -0.013742 0.999650 1.390161 0.000000 0.000000 0.000000 1.000000
0.995338 0.093394 0.024074 0.469491 -0.093689 0.995536 0.011405 103.183624 -0.022902 -0.013607 0.999645 1.386599 0.000000 0.000000 0.000000 1.000000
0.995336 0.093357 0.024319 0.478130 -0.093652 0.995541 0.011274 103.182877 -0.023158 -0.013499 0.999641 1.384021 0.000000 0.000000 0.000000 1.000000
0.995335 0.093321 0.024472 0.486391 -0.093616 0.995545 0.011203 103.182335 -0.023318 -0.013442 0.999638 1.382980 0.000000 0.000000 0.000000 1.000000
0.995334 0.093323 0.024528 0.493630 -0.093618 0.995545 0.011197 103.182175 -0.023374 -0.013441 0.999636 1.383666 0.000000 0.000000 0.000000 1.000000
0.995332 0.093349 0.024510 0.500032 -0.093646 0.995542 0.011232 103.182793 -0.023352 -0.013475 0.999636 1.385585 0.000000 0.000000 0.000000 1.000000
0.995332 0.093355 0.024465 0.506259 -0.093652 0.995541 0.011264 103.184509 -0.023304 -0.013502 0.999637 1.387781 0.000000 0.000000 0.000000 1.000000
0.995336 0.093319 0.024442 0.512859 -0.093615 0.995545 0.011260 103.186897 -0.023283 -0.013496 0.999638 1.389392 0.000000 0.000000 0.000000 1.000000
0.995341 0.093264 0.024469 0.519515 -0.093560 0.995550 0.011220 103.189056 -0.023314 -0.013457 0.999638 1.390116 0.000000 0.000000 0.000000 1.000000
0.995341 0.093240 0.024550 0.525289 -0.093536 0.995553 0.011173 103.190338 -0.023399 -0.013418 0.999636 1.390225 0.000000 0.000000 0.000000 1.000000
0.995335 0.093271 0.024684 0.529863 -0.093567 0.995551 0.011143 103.190796 -0.023535 -0.013401 0.999633 1.390211 0.000000 0.000000 0.000000 1.000000
0.995324 0.093338 0.024881 0.534170 -0.093637 0.995544 0.011120 103.190704 -0.023732 -0.013397 0.999629 1.390318 0.000000 0.000000 0.000000 1.000000
0.995310 0.093412 0.025127 0.539341 -0.093713 0.995538 0.011084 103.190369 -0.023979 -0.013387 0.999623 1.390441 0.000000 0.000000 0.000000 1.000000
0.995297 0.093489 0.025364 0.545180 -0.093792 0.995530 0.011051 103.189850 -0.024217 -0.013378 0.999617 1.390397 0.000000 0.000000 0.000000 1.000000
0.995284 0.093590 0.025520 0.550219 -0.093895 0.995521 0.011060 103.189339 -0.024370 -0.013404 0.999613 1.390193 0.000000 0.000000 0.000000 1.000000
0.995270 0.093717 0.025569 0.553710 -0.094026 0.995508 0.011122 103.188721 -0.024412 -0.013474 0.999611 1.389886 0.000000 0.000000 0.000000 1.000000
0.995258 0.093849 0.025555 0.556620 -0.094159 0.995494 0.011187 103.187981 -0.024390 -0.013540 0.999611 1.389393 0.000000 0.000000 0.000000 1.000000
0.995248 0.093961 0.025554 0.560465 -0.094271 0.995484 0.011189 103.186852 -0.024388 -0.013544 0.999611 1.388382 0.000000 0.000000 0.000000 1.000000
0.995236 0.094070 0.025619 0.565880 -0.094379 0.995474 0.011114 103.185173 -0.024458 -0.013479 0.999610 1.386552 0.000000 0.000000 0.000000 1.000000
0.995219 0.094217 0.025741 0.572560 -0.094524 0.995462 0.011008 103.183395 -0.024587 -0.013388 0.999608 1.383936 0.000000 0.000000 0.000000 1.000000
0.995198 0.094409 0.025849 0.580308 -0.094717 0.995444 0.010930 103.182434 -0.024699 -0.013326 0.999606 1.381053 0.000000 0.000000 0.000000 1.000000
0.995180 0.094597 0.025859 0.589392 -0.094904 0.995427 0.010911 103.183182 -0.024709 -0.013312 0.999606 1.378646 0.000000 0.000000 0.000000 1.000000
0.995172 0.094706 0.025747 0.600162 -0.095012 0.995416 0.010931 103.186317 -0.024594 -0.013325 0.999609 1.377101 0.000000 0.000000 0.000000 1.000000
0.995177 0.094698 0.025587 0.612675 -0.095002 0.995417 0.010947 103.190903 -0.024433 -0.013325 0.999613 1.375928 0.000000 0.000000 0.000000 1.000000
0.995187 0.094614 0.025500 0.626656 -0.094916 0.995425 0.010939 103.195549 -0.024349 -0.013307 0.999615 1.374202 0.000000 0.000000 0.000000 1.000000
0.995194 0.094535 0.025551 0.641363 -0.094838 0.995433 0.010933 103.199013 -0.024400 -0.013303 0.999614 1.371244 0.000000 0.000000 0.000000 1.000000
0.995192 0.094510 0.025701 0.655860 -0.094816 0.995434 0.010972 103.201454 -0.024547 -0.013356 0.999609 1.367003 0.000000 0.000000 0.000000 1.000000
0.995188 0.094514 0.025856 0.669585 -0.094825 0.995432 0.011073 103.204185 -0.024691 -0.013471 0.999604 1.361692 0.000000 0.000000 0.000000 1.000000
0.995187 0.094495 0.025945 0.682685 -0.094810 0.995432 0.011206 103.208328 -0.024768 -0.013611 0.999601 1.355310 0.000000 0.000000 0.000000 1.000000
0.995192 0.094434 0.025968 0.695235 -0.094753 0.995436 0.011328 103.213341 -0.024780 -0.013734 0.999599 1.347480 0.000000 0.000000 0.000000 1.000000
0.995198 0.094378 0.025974 0.706837 -0.094699 0.995440 0.011422 103.217171 -0.024777 -0.013826 0.999597 1.337763 0.000000 0.000000 0.000000 1.000000
0.995195 0.094392 0.026008 0.716446 -0.094715 0.995438 0.011504 103.218094 -0.024804 -0.013912 0.999596 1.326071 0.000000 0.000000 0.000000 1.000000
0.995184 0.094491 0.026075 0.723251 -0.094818 0.995427 0.011603 103.216240 -0.024859 -0.014019 0.999593 1.312945 0.000000 0.000000 0.000000 1.000000
0.995169 0.094631 0.026133 0.727653 -0.094962 0.995412 0.011731 103.213463 -0.024903 -0.014156 0.999590 1.299370 0.000000 0.000000 0.000000 1.000000
0.995158 0.094751 0.026142 0.730489 -0.095086 0.995398 0.011885 103.211349 -0.024895 -0.014313 0.999588 1.286282 0.000000 0.000000 0.000000 1.000000
0.995152 0.094829 0.026086 0.731725 -0.095167 0.995388 0.012056 103.210388 -0.024823 -0.014480 0.999587 1.274012 0.000000 0.000000 0.000000 1.000000
0.995148 0.094891 0.025996 0.730208 -0.095233 0.995380 0.012236 103.209846 -0.024715 -0.014652 0.999587 1.261982 0.000000 0.000000 0.000000 1.000000
0.995142 0.094972 0.025933 0.724729 -0.095318 0.995370 0.012409 103.208824 -0.024635 -0.014821 0.999587 1.248983 0.000000 0.000000 0.000000 1.000000
0.995131 0.095083 0.025970 0.715547 -0.095432 0.995357 0.012549 103.206779 -0.024656 -0.014966 0.999584 1.233945 0.000000 0.000000 0.000000 1.000000
0.995114 0.095205 0.026150 0.704355 -0.095559 0.995343 0.012643 103.203979 -0.024825 -0.015080 0.999578 1.216734 0.000000 0.000000 0.000000 1.000000
0.995097 0.095309 0.026437 0.692794 -0.095669 0.995332 0.012720 103.200966 -0.025101 -0.015187 0.999570 1.198256 0.000000 0.000000 0.000000 1.000000
0.995084 0.095365 0.026719 0.681422 -0.095732 0.995324 0.012828 103.198265 -0.025371 -0.015323 0.999561 1.179790 0.000000 0.000000 0.000000 1.000000
0.995080 0.095352 0.026895 0.669739 -0.095726 0.995323 0.012994 103.196152 -0.025530 -0.015505 0.999554 1.162138 0.000000 0.000000 0.000000 1.000000
0.995087 0.095267 0.026964 0.657282 -0.095648 0.995328 0.013197 103.194214 -0.025581 -0.015711 0.999549 1.145449 0.000000 0.000000 0.000000 1.000000
0.995098 0.095126 0.027024 0.643836 -0.095512 0.995338 0.013398 103.191711 -0.025624 -0.015913 0.999545 1.129657 0.000000 0.000000 0.000000 1.000000
0.995110 0.094959 0.027179 0.629190 -0.095353 0.995351 0.013581 103.188339 -0.025763 -0.016106 0.999538 1.115108 0.000000 0.000000 0.000000 1.000000
0.995119 0.094794 0.027442 0.612547 -0.095197 0.995363 0.013765 103.184189 -0.026009 -0.016310 0.999529 1.102748 0.000000 0.000000 0.000000 1.000000
0.995124 0.094651 0.027743 0.592947 -0.095065 0.995373 0.013973 103.180138 -0.026292 -0.016543 0.999517 1.093854 0.000000 0.000000 0.000000 1.000000
0.995128 0.094525 0.028006 0.570194 -0.094949 0.995381 0.014219 103.177269 -0.026532 -0.016809 0.999507 1.089446 0.000000 0.000000 0.000000 1.000000
0.995135 0.094404 0.028195 0.545041 -0.094839 0.995387 0.014507 103.176445 -0.026695 -0.017110 0.999497 1.089697 0.000000 0.000000 0.000000 1.000000
0.995143 0.094278 0.028313 0.518850 -0.094724 0.995393 0.014835 103.177315 -0.026783 -0.017445 0.999489 1.093578 0.000000 0.000000 0.000000 1.000000
0.995154 0.094148 0.028359 0.492751 -0.094604 0.995399 0.015181 103.178360 -0.026800 -0.017791 0.999483 1.099038 0.000000 0.000000 0.000000 1.000000
0.995168 0.094017 0.028321 0.467748 -0.094480 0.995406 0.015489 103.177948 -0.026734 -0.018090 0.999479 1.103761 0.000000 0.000000 0.000000 1.000000
0.995184 0.093881 0.028185 0.444619 -0.094348 0.995416 0.015696 103.175896 -0.026582 -0.018279 0.999479 1.106184 0.000000 0.000000 0.000000 1.000000
0.995205 0.093726 0.027959 0.423620 -0.094190 0.995429 0.015783 103.173721 -0.026352 -0.018341 0.999484 1.106096 0.000000 0.000000 0.000000 1.000000
0.995231 0.093537 0.027663 0.404435 -0.093996 0.995447 0.015798 103.172981 -0.026059 -0.018323 0.999492 1.104211 0.000000 0.000000 0.000000 1.000000
0.995261 0.093317 0.027330 0.386340 -0.093770 0.995468 0.015802 103.173401 -0.025731 -0.018290 0.999502 1.101163 0.000000 0.000000 0.000000 1.000000
0.995291 0.093094 0.027000 0.369121 -0.093541 0.995490 0.015804 103.173050 -0.025407 -0.018255 0.999511 1.096905 0.000000 0.000000 0.000000 1.000000
0.995317 0.092906 0.026711 0.352936 -0.093347 0.995509 0.015763 103.170464 -0.025126 -0.018183 0.999519 1.091147 0.000000 0.000000 0.000000 1.000000
0.995336 0.092758 0.026484 0.337850 -0.093192 0.995525 0.015646 103.166496 -0.024914 -0.018041 0.999527 1.084227 0.000000 0.000000 0.000000 1.000000
0.995356 0.092600 0.026315 0.323637 -0.093026 0.995544 0.015461 103.163818 -0.024766 -0.017837 0.999534 1.077454 0.000000 0.000000 0.000000 1.000000
0.995381 0.092361 0.026194 0.309913 -0.092779 0.995570 0.015239 103.164360 -0.024670 -0.017599 0.999541 1.072563 0.000000 0.000000 0.000000 1.000000
0.995415 0.092017 0.026127 0.296261 -0.092429 0.995606 0.015006 103.167740 -0.024632 -0.017352 0.999546 1.070861 0.000000 0.000000 0.000000 1.000000
0.995451 0.091614 0.026153 0.282153 -0.092020 0.995647 0.014785 103.172165 -0.024685 -0.017125 0.999549 1.072861 0.000000 0.000000 0.000000 1.000000
0.995482 0.091227 0.026322 0.267092 -0.091632 0.995686 0.014613 103.175873 -0.024876 -0.016959 0.999547 1.078465 0.000000 0.000000 0.000000 1.000000
0.995502 0.090918 0.026657 0.250568 -0.091326 0.995715 0.014523 103.178246 -0.025222 -0.016893 0.999539 1.087210 0.000000 0.000000 0.000000 1.000000
0.995509 0.090704 0.027105 0.232143 -0.091120 0.995734 0.014529 103.179314 -0.025672 -0.016934 0.999527 1.098274 0.000000 0.000000 0.000000 1.000000
0.995509 0.090570 0.027551 0.211774 -0.090996 0.995744 0.014609 103.179352 -0.026110 -0.017050 0.999514 1.110462 0.000000 0.000000 0.000000 1.000000
0.995508 0.090485 0.027863 0.190214 -0.090919 0.995750 0.014719 103.178581 -0.026413 -0.017186 0.999503 1.122481 0.000000 0.000000 0.000000 1.000000
0.995511 0.090417 0.027962 0.168822 -0.090855 0.995754 0.014819 103.177025 -0.026504 -0.017293 0.999499 1.133403 0.000000 0.000000 0.000000 1.000000
0.995520 0.090354 0.027844 0.148721 -0.090793 0.995758 0.014911 103.175026 -0.026378 -0.017372 0.999501 1.142924 0.000000 0.000000 0.000000 1.000000
0.995533 0.090297 0.027570 0.129869 -0.090734 0.995762 0.015039 103.173340 -0.026095 -0.017473 0.999507 1.151082 0.000000 0.000000 0.000000 1.000000
0.995548 0.090237 0.027242 0.111822 -0.090674 0.995764 0.015237 103.172989 -0.025752 -0.017639 0.999513 1.157839 0.000000 0.000000 0.000000 1.000000
0.995563 0.090153 0.026961 0.095089 -0.090590 0.995768 0.015468 103.174309 -0.025453 -0.017842 0.999517 1.162928 0.000000 0.000000 0.000000 1.000000
0.995579 0.090027 0.026776 0.080928 -0.090465 0.995777 0.015637 103.176414 -0.025256 -0.017990 0.999519 1.166015 0.000000 0.000000 0.000000 1.000000
0.995596 0.089875 0.026667 0.069838 -0.090313 0.995790 0.015688 103.177422 -0.025145 -0.018028 0.999521 1.166993 0.000000 0.000000 0.000000 1.000000
0.995609 0.089749 0.026593 0.060839 -0.090184 0.995802 0.015659 103.175896 -0.025076 -0.017989 0.999524 1.166018 0.000000 0.000000 0.000000 1.000000
0.995615 0.089694 0.026563 0.052454 -0.090129 0.995807 0.015629 103.172249 -0.025049 -0.017955 0.999525 1.163315 0.000000 0.000000 0.000000 1.000000
0.995611 0.089720 0.026632 0.044431 -0.090155 0.995805 0.015633 103.168243 -0.025118 -0.017965 0.999523 1.159060 0.000000 0.000000 0.000000 1.000000
0.995599 0.089797 0.026833 0.037676 -0.090237 0.995797 0.015645 103.165108 -0.025315 -0.017997 0.999518 1.153464 0.000000 0.000000 0.000000 1.000000
0.995583 0.089892 0.027102 0.033106 -0.090337 0.995789 0.015634 103.162506 -0.025583 -0.018013 0.999510 1.146836 0.000000 0.000000 0.000000 1.000000
0.995568 0.089985 0.027321 0.030447 -0.090432 0.995780 0.015596 103.159393 -0.025803 -0.017997 0.999505 1.139173 0.000000 0.000000 0.000000 1.000000
0.995559 0.090062 0.027408 0.029042 -0.090509 0.995774 0.015539 103.155487 -0.025893 -0.017950 0.999504 1.129810 0.000000 0.000000 0.000000 1.000000
0.995556 0.090100 0.027375 0.028513 -0.090544 0.995772 0.015461 103.152382 -0.025867 -0.017871 0.999506 1.117740 0.000000 0.000000 0.000000 1.000000
0.995560 0.090079 0.027298 0.028995 -0.090520 0.995776 0.015361 103.152237 -0.025799 -0.017763 0.999509 1.102672 0.000000 0.000000 0.000000 1.000000
0.995568 0.090014 0.027229 0.030355 -0.090450 0.995784 0.015253 103.154877 -0.025741 -0.017648 0.999513 1.085651 0.000000 0.000000 0.000000 1.000000
0.995575 0.089956 0.027162 0.032039 -0.090389 0.995791 0.015162 103.157845 -0.025684 -0.017550 0.999516 1.068493 0.000000 0.000000 0.000000 1.000000
0.995578 0.089952 0.027069 0.033601 -0.090382 0.995793 0.015106 103.158394 -0.025597 -0.017486 0.999519 1.052606 0.000000 0.000000 0.000000 1.000000
0.995577 0.089997 0.026964 0.035085 -0.090425 0.995789 0.015081 103.155731 -0.025494 -0.017453 0.999523 1.038543 0.000000 0.000000 0.000000 1.000000
0.995572 0.090065 0.026906 0.036850 -0.090492 0.995783 0.015083 103.151108 -0.025434 -0.017451 0.999524 1.026648 0.000000 0.000000 0.000000 1.000000
0.995564 0.090147 0.026935 0.038929 -0.090575 0.995775 0.015130 103.145752 -0.025458 -0.017502 0.999523 1.017722 0.000000 0.000000 0.000000 1.000000
0.995551 0.090266 0.027029 0.041294 -0.090699 0.995761 0.015263 103.140388 -0.025537 -0.017647 0.999518 1.012756 0.000000 0.000000 0.000000 1.000000
0.995533 0.090432 0.027117 0.043794 -0.090874 0.995742 0.015517 103.135994 -0.025598 -0.017912 0.999512 1.012122 0.000000 0.000000 0.000000 1.000000
0.995517 0.090600 0.027148 0.046665 -0.091051 0.995720 0.015864 103.134087 -0.025594 -0.018265 0.999506 1.015045 0.000000 0.000000 0.000000 1.000000
0.995510 0.090687 0.027124 0.050547 -0.091147 0.995705 0.016214 103.135590 -0.025537 -0.018614 0.999501 1.019948 0.000000 0.000000 0.000000 1.000000
0.995514 0.090656 0.027084 0.055849 -0.091122 0.995704 0.016469 103.139572 -0.025475 -0.018863 0.999497 1.025137 0.000000 0.000000 0.000000 1.000000
0.995523 0.090560 0.027078 0.062604 -0.091029 0.995710 0.016598 103.143257 -0.025459 -0.018989 0.999496 1.029162 0.000000 0.000000 0.000000 1.000000
0.995527 0.090500 0.027142 0.070614 -0.090971 0.995715 0.016640 103.144386 -0.025520 -0.019035 0.999493 1.030954 0.000000 0.000000 0.000000 1.000000
0.995520 0.090524 0.027283 0.079833 -0.090998 0.995712 0.016651 103.143005 -0.025659 -0.019059 0.999489 1.030044 0.000000 0.000000 0.000000 1.000000
0.995509 0.090594 0.027454 0.090381 -0.091071 0.995705 0.016658 103.141174 -0.025827 -0.019083 0.999484 1.026805 0.000000 0.000000 0.000000 1.000000
0.995502 0.090642 0.027576 0.102031 -0.091122 0.995700 0.016665 103.140732 -0.025947 -0.019103 0.999481 1.022291 0.000000 0.000000 0.000000 1.000000
0.995500 0.090650 0.027601 0.114246 -0.091130 0.995699 0.016681 103.141754 -0.025970 -0.019121 0.999480 1.017565 0.000000 0.000000 0.000000 1.000000
0.995502 0.090648 0.027555 0.126434 -0.091129 0.995699 0.016718 103.142868 -0.025921 -0.019154 0.999480 1.013071 0.000000 0.000000 0.000000 1.000000
0.995501 0.090668 0.027524 0.138441 -0.091149 0.995696 0.016780 103.143051 -0.025884 -0.019213 0.999480 1.008600 0.000000 0.000000 0.000000 1.000000
0.995495 0.090711 0.027577 0.150336 -0.091196 0.995690 0.016856 103.142372 -0.025929 -0.019295 0.999478 1.003765 0.000000 0.000000 0.000000 1.000000
0.995486 0.090770 0.027716 0.161886 -0.091259 0.995683 0.016929 103.141403 -0.026060 -0.019382 0.999472 0.998451 0.000000 0.000000 0.000000 1.000000
0.995474 0.090848 0.027886 0.172567 -0.091342 0.995675 0.016988 103.140488 -0.026222 -0.019459 0.999467 0.992934 0.000000 0.000000 0.000000 1.000000
0.995461 0.090950 0.028024 0.181987 -0.091448 0.995664 0.017027 103.139915 -0.026354 -0.019512 0.999462 0.987717 0.000000 0.000000 0.000000 1.000000
0.995448 0.091063 0.028110 0.190265 -0.091563 0.995653 0.017042 103.140282 -0.026436 -0.019539 0.999460 0.983263 0.000000 0.000000 0.000000 1.000000
0.995436 0.091175 0.028169 0.198070 -0.091676 0.995643 0.017047 103.141464 -0.026492 -0.019552 0.999458 0.979890 0.000000 0.000000 0.000000 1.000000
0.995424 0.091289 0.028230 0.205884 -0.091792 0.995632 0.017065 103.142670 -0.026549 -0.019578 0.999456 0.977808 0.000000 0.000000 0.000000 1.000000
0.995410 0.091421 0.028298 0.213487 -0.091926 0.995619 0.017116 103.142944 -0.026609 -0.019639 0.999453 0.977163 0.000000 0.000000 0.000000 1.000000
0.995396 0.091557 0.028346 0.220334 -0.092066 0.995604 0.017198 103.142128 -0.026646 -0.019728 0.999450 0.977807 0.000000 0.000000 0.000000 1.000000
0.995386 0.091666 0.028344 0.225843 -0.092177 0.995593 0.017289 103.140923 -0.026634 -0.019822 0.999449 0.979279 0.000000 0.000000 0.000000 1.000000
0.995382 0.091735 0.028287 0.230102 -0.092247 0.995585 0.017369 103.139748 -0.026569 -0.019898 0.999449 0.981018 0.000000 0.000000 0.000000 1.000000
0.995377 0.091810 0.028207 0.233455 -0.092322 0.995577 0.017425 103.138321 -0.026483 -0.019949 0.999450 0.982773 0.000000 0.000000 0.000000 1.000000
0.995366 0.091945 0.028149 0.236268 -0.092457 0.995564 0.017462 103.136108 -0.026419 -0.019984 0.999451 0.984536 0.000000 0.000000 0.000000 1.000000
0.995348 0.092142 0.028131 0.238872 -0.092654 0.995545 0.017489 103.133430 -0.026394 -0.020014 0.999451 0.986183 0.000000 0.000000 0.000000 1.000000
0.995331 0.092334 0.028118 0.241677 -0.092846 0.995527 0.017498 103.131599 -0.026377 -0.020027 0.999451 0.987293 0.000000 0.000000 0.000000 1.000000
0.995323 0.092443 0.028054 0.245492 -0.092953 0.995517 0.017453 103.131462 -0.026314 -0.019979 0.999454 0.987470 0.000000 0.000000 0.000000 1.000000
0.995327 0.092445 0.027910 0.250904 -0.092948 0.995520 0.017319 103.132492 -0.026184 -0.019832 0.999460 0.986788 0.000000 0.000000 0.000000 1.000000
0.995338 0.092377 0.027712 0.257777 -0.092871 0.995531 0.017110 103.133415 -0.026008 -0.019604 0.999470 0.985743 0.000000 0.000000 0.000000 1.000000
0.995351 0.092299 0.027510 0.265002 -0.092784 0.995543 0.016894 103.133888 -0.025828 -0.019368 0.999479 0.984803 0.000000 0.000000 0.000000 1.000000
0.995361 0.092246 0.027348 0.271451 -0.092723 0.995551 0.016734 103.134567 -0.025683 -0.019192 0.999486 0.984065 0.000000 0.000000 0.000000 1.000000
0.995366 0.092221 0.027248 0.276759 -0.092694 0.995556 0.016627 103.135887 -0.025593 -0.019076 0.999490 0.983450 0.000000 0.000000 0.000000 1.000000
0.995367 0.092219 0.027197 0.281076 -0.092689 0.995558 0.016526 103.137230 -0.025552 -0.018970 0.999493 0.983151 0.000000 0.000000 0.000000 1.000000
0.995368 0.092227 0.027155 0.284577 -0.092692 0.995560 0.016396 103.137749 -0.025522 -0.018837 0.999497 0.983661 0.000000 0.000000 0.000000 1.000000
0.995370 0.092225 0.027085 0.287285 -0.092685 0.995563 0.016244 103.137558 -0.025466 -0.018679 0.999501 0.985412 0.000000 0.000000 0.000000 1.000000
