<?xml version="1.0" encoding="utf-8"?>
<COLLADA xmlns="http://www.collada.org/2005/11/COLLADASchema" version="1.4.1">
  <asset>
    <contributor>
      <author>Mixamo</author>
      <authoring_tool>COLLADA Mixamo exporter</authoring_tool>
      <comments/>
    </contributor>
    <created>2024-12-14T14:24:39Z</created>
    <modified>2024-12-14T14:24:39Z</modified>
    <revision/>
    <title/>
    <unit meter="0.010000"/>
    <up_axis>Y_UP</up_axis>
  </asset>
  <library_animations>
    <animation id="mixamorig_Hips-anim" name="mixamorig_Hips">
      <source id="mixamorig_Hips-Matrix-animation-input">
        <float_array id="mixamorig_Hips-Matrix-animation-input-array" count="43">

0.000000 0.033333 0.066667 0.100000 0.133333 0.166667 0.200000 0.233333 0.266667 0.300000 0.333333 0.366667 0.400000 0.433333 0.466667 0.500000
0.533333 0.566667 0.600000 0.633333 0.666667 0.700000 0.733333 0.766667 0.800000 0.833333 0.866667 0.900000 0.933333 0.966667 1.000000 1.033333
1.066667 1.100000 1.133333 1.166667 1.200000 1.233333 1.266667 1.300000 1.333333 1.366667 1.400000</float_array>
        <technique_common>
          <accessor source="#mixamorig_Hips-Matrix-animation-input-array" count="43">
            <param name="TIME" type="float"/>
          </accessor>
        </technique_common>
      </source>
      <source id="mixamorig_Hips-Matrix-animation-output-transform">
        <float_array id="mixamorig_Hips-Matrix-animation-output-transform-array" count="688">

0.999476 0.032287 0.002228 -0.715290 -0.032257 0.999402 -0.012465 102.641327 -0.002629 0.012387 0.999920 1.173764 0.000000 0.000000 0.000000 1.000000
0.999801 0.017100 -0.010272 -0.944602 -0.017204 0.999800 -0.010194 103.244850 0.010096 0.010369 0.999895 0.442222 0.000000 0.000000 0.000000 1.000000
0.999715 0.009808 -0.021747 -1.132652 -0.010080 0.999872 -0.012421 103.715591 0.021623 0.012636 0.999686 -0.378878 0.000000 0.000000 0.000000 1.000000
0.999437 0.008897 -0.032346 -1.280776 -0.009563 0.999744 -0.020506 104.018929 0.032156 0.020803 0.999266 -1.197739 0.000000 0.000000 0.000000 1.000000
0.999029 0.010927 -0.042677 -1.390653 -0.012353 0.999369 -0.033299 104.026016 0.042286 0.033794 0.998534 -1.915856 0.000000 0.000000 0.000000 1.000000
0.998353 0.018118 -0.054435 -1.444820 -0.020662 0.998702 -0.046556 103.607018 0.053521 0.047604 0.997431 -2.392272 0.000000 0.000000 0.000000 1.000000
0.997235 0.029599 -0.068156 -1.452117 -0.033466 0.997852 -0.056313 102.744423 0.066343 0.058438 0.996084 -2.481834 0.000000 0.000000 0.000000 1.000000
0.995739 0.038395 -0.083848 -1.427527 -0.043681 0.997111 -0.062148 101.840042 0.081219 0.065545 0.994539 -2.304271 0.000000 0.000000 0.000000 1.000000
0.994216 0.037692 -0.100568 -1.334814 -0.044505 0.996801 -0.066384 101.057785 0.097744 0.070476 0.992713 -1.806738 0.000000 0.000000 0.000000 1.000000
0.992816 0.022528 -0.117509 -1.123103 -0.030963 0.997034 -0.070457 100.433670 0.115573 0.073589 0.990569 -0.974960 0.000000 0.000000 0.000000 1.000000
0.990909 -0.004827 -0.134450 -0.772726 -0.004943 0.997375 -0.072234 99.903008 0.134445 0.072242 0.988284 0.131748 0.000000 0.000000 0.000000 1.000000
0.987932 -0.036300 -0.150577 -0.306434 0.026197 0.997304 -0.068543 99.336166 0.152659 0.063771 0.986219 1.401319 0.000000 0.000000 0.000000 1.000000
0.984036 -0.065681 -0.165405 0.273263 0.056459 0.996609 -0.059856 98.764252 0.168775 0.049562 0.984408 2.562328 0.000000 0.000000 0.000000 1.000000
0.979374 -0.092231 -0.179779 0.920199 0.084537 0.995164 -0.050017 98.260689 0.183522 0.033787 0.982435 3.339358 0.000000 0.000000 0.000000 1.000000
0.974498 -0.112827 -0.193968 1.544211 0.106797 0.993423 -0.041301 97.859131 0.197352 0.019533 0.980138 3.762226 0.000000 0.000000 0.000000 1.000000
0.970994 -0.123990 -0.204446 2.064409 0.120122 0.992266 -0.031275 97.738976 0.206742 0.005810 0.978378 3.935207 0.000000 0.000000 0.000000 1.000000
0.971018 -0.123786 -0.204455 2.454935 0.122914 0.992272 -0.017009 98.039398 0.204981 -0.008615 0.978728 3.944458 0.000000 0.000000 0.000000 1.000000
0.975180 -0.115106 -0.189143 2.752123 0.117144 0.993115 -0.000410 98.764557 0.187888 -0.021757 0.981949 3.797477 0.000000 0.000000 0.000000 1.000000
0.981536 -0.103252 -0.161016 3.009458 0.106754 0.994198 0.013227 99.784462 0.158716 -0.030171 0.986863 3.486194 0.000000 0.000000 0.000000 1.000000
0.987433 -0.091740 -0.128683 3.253306 0.095229 0.995229 0.021218 100.897148 0.126122 -0.033205 0.991459 3.028310 0.000000 0.000000 0.000000 1.000000
0.991688 -0.080876 -0.100065 3.481015 0.083779 0.996167 0.025159 101.923157 0.097647 -0.033333 0.994663 2.462201 0.000000 0.000000 0.000000 1.000000
0.994564 -0.069679 -0.077372 3.685105 0.071998 0.997023 0.027595 102.749329 0.075219 -0.033016 0.996620 1.826645 0.000000 0.000000 0.000000 1.000000
0.996606 -0.058091 -0.058321 3.862990 0.059900 0.997761 0.029760 103.315979 0.056462 -0.033153 0.997854 1.147737 0.000000 0.000000 0.000000 1.000000
0.998080 -0.046918 -0.040442 4.012796 0.048217 0.998331 0.031773 103.601013 0.038884 -0.033662 0.998677 0.445098 0.000000 0.000000 0.000000 1.000000
0.999058 -0.036752 -0.023086 4.132279 0.037502 0.998753 0.032948 103.614082 0.021846 -0.033783 0.999190 -0.246217 0.000000 0.000000 0.000000 1.000000
0.999634 -0.026226 -0.006570 4.226701 0.026422 0.999145 0.031784 103.379044 0.005730 -0.031946 0.999473 -0.880237 0.000000 0.000000 0.000000 1.000000
0.999799 -0.017861 0.009096 4.290054 0.017613 0.999492 0.026578 103.039703 -0.009566 -0.026413 0.999605 -1.209952 0.000000 0.000000 0.000000 1.000000
0.999666 -0.010987 0.023408 4.331802 0.010602 0.999807 0.016538 102.779167 -0.023585 -0.016284 0.999589 -1.087823 0.000000 0.000000 0.000000 1.000000
0.999305 -0.005638 0.036835 4.345547 0.005581 0.999983 0.001638 102.634392 -0.036843 -0.001431 0.999320 -0.544898 0.000000 0.000000 0.000000 1.000000
0.998773 0.000481 0.049525 4.312745 0.000378 0.999850 -0.017336 102.669785 -0.049526 0.017333 0.998622 0.222893 0.000000 0.000000 0.000000 1.000000
0.998091 0.007296 0.061336 4.212650 -0.004933 0.999243 -0.038589 102.579582 -0.061571 0.038213 0.997371 1.070086 0.000000 0.000000 0.000000 1.000000
0.997355 0.014788 0.071157 4.025769 -0.010576 0.998190 -0.059210 102.278938 -0.071904 0.058301 0.995706 1.929363 0.000000 0.000000 0.000000 1.000000
0.996710 0.022367 0.077908 3.714100 -0.016533 0.997066 -0.074734 101.792885 -0.079351 0.073200 0.994156 2.774244 0.000000 0.000000 0.000000 1.000000
0.996201 0.031878 0.081041 3.254428 -0.025346 0.996442 -0.080382 101.093285 -0.083315 0.078023 0.993464 3.541895 0.000000 0.000000 0.000000 1.000000
0.995524 0.046573 0.082242 2.652224 -0.040350 0.996308 -0.075781 100.346817 -0.085468 0.072123 0.993727 4.016432 0.000000 0.000000 0.000000 1.000000
0.994383 0.065146 0.083414 2.015502 -0.059736 0.996044 -0.065784 99.671402 -0.087370 0.060432 0.994341 4.138927 0.000000 0.000000 0.000000 1.000000
0.993013 0.082215 0.084657 1.448683 -0.077630 0.995403 -0.056100 99.268143 -0.088880 0.049136 0.994830 3.973951 0.000000 0.000000 0.000000 1.000000
0.992169 0.092653 0.083763 0.985720 -0.088788 0.994857 -0.048757 99.275185 -0.087850 0.040938 0.995292 3.635089 0.000000 0.000000 0.000000 1.000000
0.992534 0.094854 0.076677 0.602448 -0.091828 0.994885 -0.042088 99.668358 -0.080277 0.034732 0.996167 3.208806 0.000000 0.000000 0.000000 1.000000
0.994159 0.089047 0.060985 0.258470 -0.087082 0.995615 -0.034171 100.329086 -0.063760 0.028661 0.997554 2.748198 0.000000 0.000000 0.000000 1.000000
0.996363 0.075454 0.039585 -0.077363 -0.074484 0.996898 -0.025438 101.119621 -0.041381 0.022397 0.998892 2.273363 0.000000 0.000000 0.000000 1.000000
0.998287 0.055492 0.018552 -0.408233 -0.055163 0.998319 -0.017794 101.919098 -0.019509 0.016740 0.999670 1.763449 0.000000 0.000000 0.000000 1.000000
0.999476 0.032287 0.002228 -0.715293 -0.032257 0.999402 -0.012465 102.641312 -0.002629 0.012387 0.999920 1.173764 0.000000 0.000000 0.000000 1.000000</float_array>
        <technique_common>
          <accessor source="#mixamorig_Hips-Matrix-animation-output-transform-array" count="43" stride="16">
            <param type="float4x4"/>
          </accessor>
        </technique_common>
      </source>
      <source id="mixamorig_Hips-Interpolations">
        <Name_array id="mixamorig_Hips-Interpolations-array" count="43">
 LINEAR LINEAR LINEAR LINEAR LINEAR LINEAR LINEAR LINEAR LINEAR LINEAR LINEAR
LINEAR LINEAR LINEAR LINEAR LINEAR LINEAR LINEAR LINEAR LINEAR LINEAR LINEAR LINEAR
LINEAR LINEAR LINEAR LINEAR LINEAR LINEAR LINEAR LINEAR LINEAR LINEAR LINEAR LINEAR
LINEAR LINEAR LINEAR LINEAR LINEAR LINEAR LINEAR LINEAR</Name_array>
        <technique_common>
          <accessor source="#mixamorig_Hips-Interpolations-array" count="43">
            <param type="name"/>
          </accessor>
        </technique_common>
      </source>
      <sampler id="mixamorig_Hips-Matrix-animation-transform">
        <input semantic="INPUT" source="#mixamorig_Hips-Matrix-animation-input"/>
        <input semantic="OUTPUT" source="#mixamorig_Hips-Matrix-animation-output-transform"/>
        <input semantic="INTERPOLATION" source="#mixamorig_Hips-Interpolations"/>
      </sampler>
      <channel source="#mixamorig_Hips-Matrix-animation-transform" target="mixamorig_Hips/matrix"/>
    </animation>
    <animation id="mixamorig_Spine-anim" name="mixamorig_Spine">
      <source id="mixamorig_Spine-Matrix-animation-input">
        <float_array id="mixamorig_Spine-Matrix-animation-input-array" count="43">

0.000000 0.033333 0.066667 0.100000 0.133333 0.166667 0.200000 0.233333 0.266667 0.300000 0.333333 0.366667 0.400000 0.433333 0.466667 0.500000
0.533333 0.566667 0.600000 0.633333 0.666667 0.700000 0.733333 0.766667 0.800000 0.833333 0.866667 0.900000 0.933333 0.966667 1.000000 1.033333
1.066667 1.100000 1.133333 1.166667 1.200000 1.233333 1.266667 1.300000 1.333333 1.366667 1.400000</float_array>
        <technique_common>
          <accessor source="#mixamorig_Spine-Matrix-animation-input-array" count="43">
            <param name="TIME" type="float"/>
          </accessor>
        </technique_common>
      </source>
      <source id="mixamorig_Spine-Matrix-animation-output-transform">
        <float_array id="mixamorig_Spine-Matrix-animation-output-transform-array" count="688">

0.999148 -0.032602 0.025308 -0.038100 0.029796 0.994099 0.104305 9.490500 -0.028560 -0.103462 0.994223 -1.392100 0.000000 0.000000 0.000000 1.000000
0.999084 -0.027559 0.032738 -0.038100 0.024041 0.994350 0.103390 9.490500 -0.035403 -0.102509 0.994102 -1.392100 0.000000 0.000000 0.000000 1.000000
0.998884 -0.026814 0.038879 -0.038100 0.022651 0.994337 0.103833 9.490500 -0.041443 -0.102836 0.993835 -1.392100 0.000000 0.000000 0.000000 1.000000
0.998628 -0.027936 0.044283 -0.038100 0.023107 0.994093 0.106044 9.490500 -0.046983 -0.104875 0.993375 -1.392100 0.000000 0.000000 0.000000 1.000000
0.998382 -0.028172 0.049392 -0.038100 0.022596 0.993672 0.110027 9.490500 -0.052180 -0.108733 0.992701 -1.392100 0.000000 0.000000 0.000000 1.000000
0.998002 -0.032290 0.054307 -0.038100 0.025839 0.992966 0.115543 9.490500 -0.057656 -0.113909 0.991817 -1.392100 0.000000 0.000000 0.000000 1.000000
0.997526 -0.039687 0.058021 -0.038100 0.032458 0.992169 0.120610 9.490500 -0.062353 -0.118428 0.991003 -1.392100 0.000000 0.000000 0.000000 1.000000
0.997242 -0.043601 0.060060 -0.038100 0.035935 0.991721 0.123281 9.490500 -0.064938 -0.120783 0.990553 -1.392100 0.000000 0.000000 0.000000 1.000000
0.997343 -0.040966 0.060237 -0.038100 0.033269 0.991769 0.123645 9.490500 -0.064807 -0.121312 0.990497 -1.392100 0.000000 0.000000 0.000000 1.000000
0.997744 -0.031812 0.059112 -0.038100 0.024356 0.992131 0.122815 9.490500 -0.062554 -0.121098 0.990668 -1.392100 0.000000 0.000000 0.000000 1.000000
0.998176 -0.018625 0.057425 -0.038100 0.011547 0.992558 0.121222 9.490500 -0.059255 -0.120338 0.990963 -1.392100 0.000000 0.000000 0.000000 1.000000
0.998461 -0.003428 0.055354 -0.038100 -0.003176 0.992915 0.118781 9.490500 -0.055369 -0.118774 0.991376 -1.392100 0.000000 0.000000 0.000000 1.000000
0.998460 0.014252 0.053622 -0.038100 -0.020371 0.993116 0.115349 9.490500 -0.051609 -0.116263 0.991877 -1.392100 0.000000 0.000000 0.000000 1.000000
0.998030 0.033727 0.052893 -0.038100 -0.039503 0.992893 0.112262 9.490500 -0.048731 -0.114130 0.992270 -1.392100 0.000000 0.000000 0.000000 1.000000
0.997453 0.049239 0.051610 -0.038100 -0.054703 0.992375 0.110453 9.490500 -0.045778 -0.112995 0.992540 -1.392100 0.000000 0.000000 0.000000 1.000000
0.997224 0.057678 0.047085 -0.038100 -0.062528 0.992070 0.109027 9.490500 -0.040423 -0.111669 0.992923 -1.392100 0.000000 0.000000 0.000000 1.000000
0.997521 0.058952 0.038432 -0.038100 -0.062753 0.992316 0.106639 9.490500 -0.031851 -0.108786 0.993555 -1.392100 0.000000 0.000000 0.000000 1.000000
0.998122 0.055155 0.026643 -0.038100 -0.057635 0.992948 0.103602 9.490500 -0.020741 -0.104943 0.994262 -1.392100 0.000000 0.000000 0.000000 1.000000
0.998738 0.048506 0.013016 -0.038100 -0.049579 0.993608 0.101418 9.490500 -0.008013 -0.101936 0.994759 -1.392100 0.000000 0.000000 0.000000 1.000000
0.999168 0.040773 -0.001212 -0.038100 -0.040444 0.994107 0.100572 9.490500 0.005305 -0.100439 0.994929 -1.392100 0.000000 0.000000 0.000000 1.000000
0.999338 0.033405 -0.014407 -0.038100 -0.031802 0.994483 0.099960 9.490500 0.017667 -0.099435 0.994887 -1.392100 0.000000 0.000000 0.000000 1.000000
0.999307 0.027690 -0.024884 -0.038100 -0.025112 0.994819 0.098509 9.490500 0.027482 -0.097816 0.994825 -1.392100 0.000000 0.000000 0.000000 1.000000
0.999191 0.024214 -0.032106 -0.038100 -0.021013 0.995107 0.096538 9.490500 0.034287 -0.095786 0.994811 -1.392100 0.000000 0.000000 0.000000 1.000000
0.999081 0.020870 -0.037450 -0.038100 -0.017222 0.995309 0.095198 9.490500 0.039261 -0.094465 0.994754 -1.392100 0.000000 0.000000 0.000000 1.000000
0.998926 0.018002 -0.042705 -0.038100 -0.013873 0.995372 0.095091 9.490500 0.044219 -0.094397 0.994552 -1.392100 0.000000 0.000000 0.000000 1.000000
0.998707 0.014469 -0.048724 -0.038100 -0.009735 0.995330 0.096038 9.490500 0.049886 -0.095439 0.994184 -1.392100 0.000000 0.000000 0.000000 1.000000
0.998554 0.012606 -0.052263 -0.038100 -0.007425 0.995143 0.098161 9.490500 0.053247 -0.097631 0.993797 -1.392100 0.000000 0.000000 0.000000 1.000000
0.998435 0.012241 -0.054561 -0.038100 -0.006644 0.994802 0.101611 9.490500 0.055521 -0.101090 0.993327 -1.392100 0.000000 0.000000 0.000000 1.000000
0.998336 0.013213 -0.056131 -0.038100 -0.007210 0.994358 0.105832 9.490500 0.057213 -0.105251 0.992799 -1.392100 0.000000 0.000000 0.000000 1.000000
0.998339 0.010697 -0.056607 -0.038100 -0.004421 0.993937 0.109866 9.490500 0.057439 -0.109433 0.992333 -1.392100 0.000000 0.000000 0.000000 1.000000
0.998391 0.005248 -0.056460 -0.038100 0.001188 0.993553 0.113364 9.490500 0.056691 -0.113248 0.991948 -1.392100 0.000000 0.000000 0.000000 1.000000
0.998447 -0.001918 -0.055682 -0.038100 0.008400 0.993167 0.116400 9.490500 0.055078 -0.116687 0.991640 -1.392100 0.000000 0.000000 0.000000 1.000000
0.998477 -0.010263 -0.054208 -0.038100 0.016643 0.992804 0.118585 9.490500 0.052601 -0.119307 0.991463 -1.392100 0.000000 0.000000 0.000000 1.000000
0.998526 -0.021443 -0.049869 -0.038100 0.027292 0.992431 0.119732 9.490500 0.046924 -0.120916 0.991553 -1.392100 0.000000 0.000000 0.000000 1.000000
0.998421 -0.034841 -0.044066 -0.038100 0.039880 0.992069 0.119204 9.490500 0.039563 -0.120773 0.991891 -1.392100 0.000000 0.000000 0.000000 1.000000
0.998083 -0.047988 -0.039085 -0.038100 0.052280 0.991705 0.117422 9.490500 0.033125 -0.119240 0.992313 -1.392100 0.000000 0.000000 0.000000 1.000000
0.997715 -0.057948 -0.034735 -0.038100 0.061592 0.991436 0.115161 9.490500 0.027765 -0.117037 0.992739 -1.392100 0.000000 0.000000 0.000000 1.000000
0.997630 -0.062377 -0.029039 -0.038100 0.065280 0.991444 0.113033 9.490500 0.021740 -0.114661 0.993167 -1.392100 0.000000 0.000000 0.000000 1.000000
0.997894 -0.061636 -0.020233 -0.038100 0.063512 0.991772 0.111148 9.490500 0.013216 -0.112199 0.993598 -1.392100 0.000000 0.000000 0.000000 1.000000
0.998318 -0.057357 -0.008492 -0.038100 0.057942 0.992308 0.109394 9.490500 0.002152 -0.109702 0.993962 -1.392100 0.000000 0.000000 0.000000 1.000000
0.998724 -0.050318 0.004278 -0.038100 0.049566 0.992950 0.107671 9.490500 -0.009666 -0.107322 0.994177 -1.392100 0.000000 0.000000 0.000000 1.000000
0.999021 -0.041273 0.015896 -0.038100 0.039364 0.993595 0.105917 9.490500 -0.020166 -0.105188 0.994248 -1.392100 0.000000 0.000000 0.000000 1.000000
0.999148 -0.032602 0.025308 -0.038100 0.029795 0.994099 0.104305 9.490500 -0.028560 -0.103462 0.994223 -1.392100 0.000000 0.000000 0.000000 1.000000</float_array>
        <technique_common>
          <accessor source="#mixamorig_Spine-Matrix-animation-output-transform-array" count="43" stride="16">
            <param type="float4x4"/>
          </accessor>
        </technique_common>
      </source>
      <source id="mixamorig_Spine-Interpolations">
        <Name_array id="mixamorig_Spine-Interpolations-array" count="43">
 LINEAR LINEAR LINEAR LINEAR LINEAR LINEAR LINEAR LINEAR LINEAR LINEAR LINEAR
LINEAR LINEAR LINEAR LINEAR LINEAR LINEAR LINEAR LINEAR LINEAR LINEAR LINEAR LINEAR
LINEAR LINEAR LINEAR LINEAR LINEAR LINEAR LINEAR LINEAR LINEAR LINEAR LINEAR LINEAR
LINEAR LINEAR LINEAR LINEAR LINEAR LINEAR LINEAR LINEAR</Name_array>
        <technique_common>
          <accessor source="#mixamorig_Spine-Interpolations-array" count="43">
            <param type="name"/>
          </accessor>
        </technique_common>
      </source>
      <sampler id="mixamorig_Spine-Matrix-animation-transform">
        <input semantic="INPUT" source="#mixamorig_Spine-Matrix-animation-input"/>
        <input semantic="OUTPUT" source="#mixamorig_Spine-Matrix-animation-output-transform"/>
        <input semantic="INTERPOLATION" source="#mixamorig_Spine-Interpolations"/>
      </sampler>
      <channel source="#mixamorig_Spine-Matrix-animation-transform" target="mixamorig_Spine/matrix"/>
    </animation>
    <animation id="mixamorig_Spine1-anim" name="mixamorig_Spine1">
      <source id="mixamorig_Spine1-Matrix-animation-input">
        <float_array id="mixamorig_Spine1-Matrix-animation-input-array" count="43">

0.000000 0.033333 0.066667 0.100000 0.133333 0.166667 0.200000 0.233333 0.266667 0.300000 0.333333 0.366667 0.400000 0.433333 0.466667 0.500000
0.533333 0.566667 0.600000 0.633333 0.666667 0.700000 0.733333 0.766667 0.800000 0.833333 0.866667 0.900000 0.933333 0.966667 1.000000 1.033333
1.066667 1.100000 1.133333 1.166667 1.200000 1.233333 1.266667 1.300000 1.333333 1.366667 1.400000</float_array>
        <technique_common>
          <accessor source="#mixamorig_Spine1-Matrix-animation-input-array" count="43">
            <param name="TIME" type="float"/>
          </accessor>
        </technique_common>
      </source>
      <source id="mixamorig_Spine1-Matrix-animation-output-transform">
        <float_array id="mixamorig_Spine1-Matrix-animation-output-transform-array" count="688">

0.998388 0.011526 0.055578 0.000000 -0.007087 0.996816 -0.079424 11.190800 -0.056317 0.078902 0.995290 0.000000 0.000000 0.000000 0.000000 1.000000
0.997106 0.020765 0.073127 0.000000 -0.014713 0.996495 -0.082350 11.190800 -0.074581 0.081036 0.993917 -0.000000 0.000000 0.000000 0.000000 1.000000
0.995904 0.025974 0.086609 -0.000000 -0.018731 0.996338 -0.083420 11.190800 -0.088458 0.081456 0.992744 0.000000 0.000000 0.000000 0.000000 1.000000
0.994857 0.028491 0.097197 -0.000000 -0.020564 0.996452 -0.081611 11.190800 -0.099177 0.079192 0.991914 0.000000 0.000000 0.000000 0.000000 1.000000
0.993992 0.029450 0.105421 -0.000000 -0.021411 0.996833 -0.076592 11.190800 -0.107342 0.073874 0.991474 -0.000000 0.000000 0.000000 0.000000 1.000000
0.993377 0.028578 0.111289 -0.000000 -0.020918 0.997370 -0.069399 11.190800 -0.112979 0.066611 0.991362 -0.000000 0.000000 0.000000 0.000000 1.000000
0.992990 0.026147 0.115272 0.000000 -0.018951 0.997829 -0.063079 11.190800 -0.116671 0.060453 0.991329 -0.000000 0.000000 0.000000 0.000000 1.000000
0.992665 0.023720 0.118549 0.000000 -0.016697 0.998065 -0.059889 11.190800 -0.119741 0.057470 0.991140 0.000000 0.000000 0.000000 0.000000 1.000000
0.992240 0.023647 0.122066 0.000000 -0.016522 0.998118 -0.059055 11.190800 -0.123233 0.056580 0.990764 0.000000 0.000000 0.000000 0.000000 1.000000
0.991770 0.028117 0.124907 0.000000 -0.020886 0.998049 -0.058831 11.190800 -0.126318 0.055738 0.990423 0.000000 0.000000 0.000000 0.000000 1.000000
0.991438 0.038018 0.124925 0.000000 -0.030802 0.997771 -0.059194 11.190800 -0.126897 0.054839 0.990399 0.000000 0.000000 0.000000 0.000000 1.000000
0.991208 0.051795 0.121755 0.000000 -0.044594 0.997132 -0.061147 11.190800 -0.124573 0.055180 0.990675 0.000000 0.000000 0.000000 0.000000 1.000000
0.990827 0.066011 0.117919 0.000000 -0.058663 0.996176 -0.064739 11.190800 -0.121742 0.057228 0.990911 0.000000 0.000000 0.000000 0.000000 1.000000
0.990393 0.076181 0.115403 0.000000 -0.068679 0.995343 -0.067648 11.190800 -0.120019 0.059072 0.991013 0.000000 0.000000 0.000000 0.000000 1.000000
0.990518 0.079204 0.112258 0.000000 -0.071764 0.995043 -0.068837 11.190800 -0.117153 0.060129 0.991292 -0.000000 0.000000 0.000000 0.000000 1.000000
0.991801 0.074686 0.103697 0.000000 -0.067580 0.995225 -0.070433 11.190800 -0.108462 0.062848 0.992112 0.000000 0.000000 0.000000 0.000000 1.000000
0.994146 0.064556 0.086637 0.000000 -0.058118 0.995498 -0.074875 11.190800 -0.091081 0.069402 0.993422 0.000000 0.000000 0.000000 0.000000 1.000000
0.996774 0.051586 0.061484 0.000000 -0.046526 0.995623 -0.081056 11.190800 -0.065396 0.077934 0.994811 0.000000 0.000000 0.000000 0.000000 1.000000
0.998804 0.037982 0.030789 0.000000 -0.035227 0.995711 -0.085554 11.190800 -0.033907 0.084367 0.995858 0.000000 0.000000 0.000000 0.000000 1.000000
0.999688 0.024922 -0.001867 0.000000 -0.024990 0.995882 -0.087149 11.190800 -0.000313 0.087168 0.996194 0.000000 0.000000 0.000000 0.000000 1.000000
0.999391 0.013263 -0.032280 0.000000 -0.016063 0.995983 -0.088095 11.190800 0.030981 0.088560 0.995589 0.000000 0.000000 0.000000 0.000000 1.000000
0.998381 0.004115 -0.056732 0.000000 -0.009267 0.995821 -0.090854 11.190800 0.056121 0.091233 0.994247 0.000000 0.000000 0.000000 0.000000 1.000000
0.997257 -0.001860 -0.073991 0.000000 -0.005207 0.995444 -0.095202 11.190800 0.073831 0.095326 0.992704 0.000000 0.000000 0.000000 0.000000 1.000000
0.996275 -0.005414 -0.086067 0.000000 -0.003154 0.995072 -0.099108 11.190800 0.086179 0.099011 0.991348 0.000000 0.000000 0.000000 0.000000 1.000000
0.995265 -0.008240 -0.096851 -0.000000 -0.001618 0.994858 -0.101262 11.190800 0.097187 0.100939 0.990134 0.000000 0.000000 0.000000 0.000000 1.000000
0.994028 -0.011303 -0.108535 0.000000 0.000207 0.994814 -0.101714 11.190800 0.109122 0.101084 0.988875 -0.000000 0.000000 0.000000 0.000000 1.000000
0.993097 -0.015005 -0.116333 0.000000 0.003286 0.994953 -0.100287 11.190800 0.117251 0.099213 0.988134 0.000000 0.000000 0.000000 0.000000 1.000000
0.992292 -0.018882 -0.122477 0.000000 0.007079 0.995347 -0.096100 11.190800 0.123721 0.094492 0.987808 0.000000 0.000000 0.000000 0.000000 1.000000
0.991583 -0.023407 -0.127336 0.000000 0.012027 0.995922 -0.089416 11.190800 0.128909 0.087132 0.987821 0.000000 0.000000 0.000000 0.000000 1.000000
0.991126 -0.028777 -0.129777 0.000000 0.018334 0.996549 -0.080959 11.190800 0.131659 0.077861 0.988233 0.000000 0.000000 0.000000 0.000000 1.000000
0.990825 -0.034396 -0.130698 -0.000000 0.025061 0.997060 -0.072411 11.190800 0.132804 0.068471 0.988774 0.000000 0.000000 0.000000 0.000000 1.000000
0.990674 -0.040310 -0.130150 0.000000 0.032138 0.997413 -0.064294 11.190800 0.132405 0.059512 0.989407 0.000000 0.000000 0.000000 0.000000 1.000000
0.990697 -0.046873 -0.127756 0.000000 0.039807 0.997563 -0.057309 11.190800 0.130131 0.051691 0.990148 0.000000 0.000000 0.000000 0.000000 1.000000
0.991245 -0.054304 -0.120350 -0.000000 0.048255 0.997448 -0.052618 11.190800 0.122900 0.046350 0.991336 0.000000 0.000000 0.000000 0.000000 1.000000
0.992095 -0.060605 -0.109888 -0.000000 0.055166 0.997128 -0.051885 11.190800 0.112717 0.045412 0.992589 0.000000 0.000000 0.000000 0.000000 1.000000
0.993046 -0.062300 -0.099895 0.000000 0.057092 0.996898 -0.054169 11.190800 0.102960 0.048089 0.993522 0.000000 0.000000 0.000000 0.000000 1.000000
0.994262 -0.058350 -0.089656 0.000000 0.053304 0.996911 -0.057685 11.190800 0.092745 0.052575 0.994301 -0.000000 0.000000 0.000000 0.000000 1.000000
0.995883 -0.050261 -0.075441 0.000000 0.045679 0.997075 -0.061277 11.190800 0.078300 0.057578 0.995266 0.000000 0.000000 0.000000 0.000000 1.000000
0.997733 -0.040035 -0.054102 0.000000 0.036501 0.997230 -0.064802 11.190800 0.056546 0.062680 0.996430 0.000000 0.000000 0.000000 0.000000 1.000000
0.999255 -0.028430 -0.026089 0.000000 0.026589 0.997306 -0.068365 11.190800 0.027962 0.067621 0.997319 0.000000 0.000000 0.000000 0.000000 1.000000
0.999873 -0.015302 0.004514 -0.000000 0.015587 0.997284 -0.071990 11.190800 -0.003400 0.072052 0.997395 -0.000000 0.000000 0.000000 0.000000 1.000000
0.999465 -0.001269 0.032690 0.000000 0.003743 0.997121 -0.075732 11.190800 -0.032500 0.075814 0.996592 0.000000 0.000000 0.000000 0.000000 1.000000
0.998388 0.011526 0.055578 0.000000 -0.007087 0.996816 -0.079424 11.190800 -0.056317 0.078902 0.995290 -0.000000 0.000000 0.000000 0.000000 1.000000</float_array>
        <technique_common>
          <accessor source="#mixamorig_Spine1-Matrix-animation-output-transform-array" count="43" stride="16">
            <param type="float4x4"/>
          </accessor>
        </technique_common>
      </source>
      <source id="mixamorig_Spine1-Interpolations">
        <Name_array id="mixamorig_Spine1-Interpolations-array" count="43">
 LINEAR LINEAR LINEAR LINEAR LINEAR LINEAR LINEAR LINEAR LINEAR LINEAR LINEAR
LINEAR LINEAR LINEAR LINEAR LINEAR LINEAR LINEAR LINEAR LINEAR LINEAR LINEAR LINEAR
LINEAR LINEAR LINEAR LINEAR LINEAR LINEAR LINEAR LINEAR LINEAR LINEAR LINEAR LINEAR
LINEAR LINEAR LINEAR LINEAR LINEAR LINEAR LINEAR LINEAR</Name_array>
        <technique_common>
          <accessor source="#mixamorig_Spine1-Interpolations-array" count="43">
            <param type="name"/>
          </accessor>
        </technique_common>
      </source>
      <sampler id="mixamorig_Spine1-Matrix-animation-transform">
        <input semantic="INPUT" source="#mixamorig_Spine1-Matrix-animation-input"/>
        <input semantic="OUTPUT" source="#mixamorig_Spine1-Matrix-animation-output-transform"/>
        <input semantic="INTERPOLATION" source="#mixamorig_Spine1-Interpolations"/>
      </sampler>
      <channel source="#mixamorig_Spine1-Matrix-animation-transform" target="mixamorig_Spine1/matrix"/>
    </animation>
    <animation id="mixamorig_Spine2-anim" name="mixamorig_Spine2">
      <source id="mixamorig_Spine2-Matrix-animation-input">
        <float_array id="mixamorig_Spine2-Matrix-animation-input-array" count="43">

0.000000 0.033333 0.066667 0.100000 0.133333 0.166667 0.200000 0.233333 0.266667 0.300000 0.333333 0.366667 0.400000 0.433333 0.466667 0.500000
0.533333 0.566667 0.600000 0.633333 0.666667 0.700000 0.733333 0.766667 0.800000 0.833333 0.866667 0.900000 0.933333 0.966667 1.000000 1.033333
1.066667 1.100000 1.133333 1.166667 1.200000 1.233333 1.266667 1.300000 1.333333 1.366667 1.400000</float_array>
        <technique_common>
          <accessor source="#mixamorig_Spine2-Matrix-animation-input-array" count="43">
            <param name="TIME" type="float"/>
          </accessor>
        </technique_common>
      </source>
      <source id="mixamorig_Spine2-Matrix-animation-output-transform">
        <float_array id="mixamorig_Spine2-Matrix-animation-output-transform-array" count="688">

0.998338 0.023002 0.052843 0.000000 -0.010638 0.974694 -0.223289 12.789500 -0.056641 0.222355 0.973319 0.000000 0.000000 0.000000 0.000000 1.000000
0.997012 0.034614 0.069052 0.000000 -0.018158 0.973949 -0.226038 12.789500 -0.075078 0.224109 0.971668 0.000000 0.000000 0.000000 0.000000 1.000000
0.995776 0.041735 0.081778 0.000000 -0.022171 0.973659 -0.226927 12.789500 -0.089094 0.224155 0.970472 0.000000 0.000000 0.000000 0.000000 1.000000
0.994707 0.045851 0.091953 0.000000 -0.024099 0.974060 -0.225005 12.789500 -0.099884 0.221598 0.970009 0.000000 0.000000 0.000000 0.000000 1.000000
0.993828 0.048171 0.099924 -0.000000 -0.025150 0.975181 -0.219974 12.789500 -0.108041 0.216103 0.970374 0.000000 0.000000 0.000000 0.000000 1.000000
0.993210 0.048464 0.105759 0.000000 -0.024999 0.976769 -0.212830 12.789500 -0.113617 0.208741 0.971349 -0.000000 0.000000 0.000000 0.000000 1.000000
0.992828 0.046979 0.109936 -0.000000 -0.023410 0.978150 -0.206577 12.789500 -0.117239 0.202522 0.972234 0.000000 0.000000 0.000000 0.000000 1.000000
0.992511 0.045270 0.113453 -0.000000 -0.021392 0.978853 -0.203443 12.789500 -0.120264 0.199492 0.972491 0.000000 0.000000 0.000000 0.000000 1.000000
0.992089 0.045718 0.116915 0.000000 -0.021233 0.979020 -0.202654 12.789500 -0.123727 0.198569 0.972246 -0.000000 0.000000 0.000000 0.000000 1.000000
0.991606 0.050364 0.119082 0.000000 -0.025406 0.978957 -0.202481 12.789500 -0.126774 0.197756 0.972019 0.000000 0.000000 0.000000 0.000000 1.000000
0.991243 0.059865 0.117701 0.000000 -0.035010 0.978577 -0.202885 12.789500 -0.127325 0.196988 0.972103 0.000000 0.000000 0.000000 0.000000 1.000000
0.990967 0.072765 0.112652 -0.000000 -0.048500 0.977599 -0.204814 12.789500 -0.125031 0.197500 0.972297 0.000000 0.000000 0.000000 0.000000 1.000000
0.990536 0.086045 0.106930 -0.000000 -0.062299 0.976072 -0.208333 12.789500 -0.122297 0.199700 0.972195 0.000000 0.000000 0.000000 0.000000 1.000000
0.990069 0.095580 0.103095 -0.000000 -0.072115 0.974783 -0.211182 12.789500 -0.120680 0.201650 0.971995 -0.000000 0.000000 0.000000 0.000000 1.000000
0.990184 0.098052 0.099610 0.000000 -0.075117 0.974301 -0.212357 12.789500 -0.117873 0.202790 0.972102 0.000000 0.000000 0.000000 0.000000 1.000000
0.991485 0.092380 0.091784 -0.000000 -0.070967 0.974259 -0.213971 12.789500 -0.109188 0.205635 0.972519 0.000000 0.000000 0.000000 0.000000 1.000000
0.993870 0.079985 0.076320 0.000000 -0.061606 0.973910 -0.218414 12.789500 -0.091798 0.212373 0.972867 -0.000000 0.000000 0.000000 0.000000 1.000000
0.996551 0.063629 0.053262 0.000000 -0.050133 0.973167 -0.224574 12.789500 -0.066123 0.221130 0.973000 0.000000 0.000000 0.000000 0.000000 1.000000
0.998640 0.045851 0.024829 0.000000 -0.038961 0.972626 -0.229088 12.789500 -0.034653 0.227809 0.973089 0.000000 0.000000 0.000000 0.000000 1.000000
0.999582 0.028350 -0.005639 0.000000 -0.028886 0.972583 -0.230755 12.789500 -0.001057 0.230821 0.972996 0.000000 0.000000 0.000000 0.000000 1.000000
0.999338 0.012578 -0.034136 -0.000000 -0.020157 0.972565 -0.231754 12.789500 0.030284 0.232289 0.972175 -0.000000 0.000000 0.000000 0.000000 1.000000
0.998366 0.000139 -0.057142 0.000000 -0.013555 0.972032 -0.234457 12.789500 0.055511 0.234848 0.970446 -0.000000 0.000000 0.000000 0.000000 1.000000
0.997261 -0.008186 -0.073510 0.000000 -0.009619 0.971062 -0.238634 12.789500 0.073336 0.238687 0.968323 0.000000 0.000000 0.000000 0.000000 1.000000
0.996282 -0.013467 -0.085096 0.000000 -0.007584 0.970165 -0.242327 12.789500 0.085820 0.242071 0.966456 0.000000 0.000000 0.000000 0.000000 1.000000
0.995271 -0.017914 -0.095471 0.000000 -0.005982 0.969681 -0.244301 12.789500 0.096953 0.243717 0.964988 0.000000 0.000000 0.000000 0.000000 1.000000
0.994038 -0.022805 -0.106626 0.000000 -0.003996 0.969608 -0.244632 12.789500 0.108964 0.243600 0.963735 0.000000 0.000000 0.000000 0.000000 1.000000
0.993123 -0.027844 -0.113719 0.000000 -0.000646 0.969991 -0.243140 12.789500 0.117076 0.241542 0.963302 -0.000000 0.000000 0.000000 0.000000 1.000000
0.992335 -0.032809 -0.119141 0.000000 0.003415 0.971023 -0.238962 12.789500 0.123529 0.236723 0.963692 0.000000 0.000000 0.000000 0.000000 1.000000
0.991646 -0.038127 -0.123225 -0.000000 0.008518 0.972588 -0.232377 12.789500 0.128707 0.229386 0.964788 -0.000000 0.000000 0.000000 0.000000 1.000000
0.991208 -0.043731 -0.124874 0.000000 0.014757 0.974451 -0.224116 12.789500 0.131484 0.220303 0.966529 0.000000 0.000000 0.000000 0.000000 1.000000
0.990932 -0.049264 -0.125011 -0.000000 0.021308 0.976207 -0.215793 12.789500 0.132667 0.211172 0.968404 0.000000 0.000000 0.000000 0.000000 1.000000
0.990808 -0.054840 -0.123665 0.000000 0.028169 0.977746 -0.207894 12.789500 0.132314 0.202499 0.970303 -0.000000 0.000000 0.000000 0.000000 1.000000
0.990863 -0.060740 -0.120417 0.000000 0.035567 0.978921 -0.201121 12.789500 0.130094 0.195000 0.972137 0.000000 0.000000 0.000000 0.000000 1.000000
0.991447 -0.066853 -0.112087 0.000000 0.043824 0.979509 -0.196576 12.789500 0.122932 0.189983 0.974061 0.000000 0.000000 0.000000 0.000000 1.000000
0.992324 -0.071526 -0.100878 0.000000 0.050674 0.979315 -0.195893 12.789500 0.112803 0.189277 0.975423 0.000000 0.000000 0.000000 0.000000 1.000000
0.993283 -0.071775 -0.090760 0.000000 0.052617 0.978753 -0.198176 12.789500 0.103056 0.192069 0.975955 0.000000 0.000000 0.000000 0.000000 1.000000
0.994483 -0.066428 -0.081185 0.000000 0.048879 0.978232 -0.201675 12.789500 0.092815 0.196594 0.976082 0.000000 0.000000 0.000000 0.000000 1.000000
0.996070 -0.056417 -0.068273 0.000000 0.041316 0.977837 -0.205253 12.789500 0.078339 0.201625 0.976325 0.000000 0.000000 0.000000 0.000000 1.000000
0.997879 -0.043283 -0.048628 0.000000 0.032222 0.977434 -0.208769 12.789500 0.056567 0.206760 0.976755 0.000000 0.000000 0.000000 0.000000 1.000000
0.999357 -0.027865 -0.022567 0.000000 0.022445 0.976938 -0.212341 12.789500 0.027964 0.211698 0.976935 0.000000 0.000000 0.000000 0.000000 1.000000
0.999926 -0.010611 0.005883 0.000000 0.011631 0.976328 -0.215984 12.789500 -0.003452 0.216036 0.976379 0.000000 0.000000 0.000000 0.000000 1.000000
0.999466 0.007175 0.031866 0.000000 0.000002 0.975567 -0.219704 12.789500 -0.032664 0.219586 0.975046 0.000000 0.000000 0.000000 0.000000 1.000000
0.998338 0.023002 0.052843 0.000000 -0.010638 0.974694 -0.223289 12.789500 -0.056641 0.222355 0.973319 0.000000 0.000000 0.000000 0.000000 1.000000</float_array>
        <technique_common>
          <accessor source="#mixamorig_Spine2-Matrix-animation-output-transform-array" count="43" stride="16">
            <param type="float4x4"/>
          </accessor>
        </technique_common>
      </source>
      <source id="mixamorig_Spine2-Interpolations">
        <Name_array id="mixamorig_Spine2-Interpolations-array" count="43">
 LINEAR LINEAR LINEAR LINEAR LINEAR LINEAR LINEAR LINEAR LINEAR LINEAR LINEAR
LINEAR LINEAR LINEAR LINEAR LINEAR LINEAR LINEAR LINEAR LINEAR LINEAR LINEAR LINEAR
LINEAR LINEAR LINEAR LINEAR LINEAR LINEAR LINEAR LINEAR LINEAR LINEAR LINEAR LINEAR
LINEAR LINEAR LINEAR LINEAR LINEAR LINEAR LINEAR LINEAR</Name_array>
        <technique_common>
          <accessor source="#mixamorig_Spine2-Interpolations-array" count="43">
            <param type="name"/>
          </accessor>
        </technique_common>
      </source>
      <sampler id="mixamorig_Spine2-Matrix-animation-transform">
        <input semantic="INPUT" source="#mixamorig_Spine2-Matrix-animation-input"/>
        <input semantic="OUTPUT" source="#mixamorig_Spine2-Matrix-animation-output-transform"/>
        <input semantic="INTERPOLATION" source="#mixamorig_Spine2-Interpolations"/>
      </sampler>
      <channel source="#mixamorig_Spine2-Matrix-animation-transform" target="mixamorig_Spine2/matrix"/>
    </animation>
    <animation id="mixamorig_Neck-anim" name="mixamorig_Neck">
      <source id="mixamorig_Neck-Matrix-animation-input">
        <float_array id="mixamorig_Neck-Matrix-animation-input-array" count="43">

0.000000 0.033333 0.066667 0.100000 0.133333 0.166667 0.200000 0.233333 0.266667 0.300000 0.333333 0.366667 0.400000 0.433333 0.466667 0.500000
0.533333 0.566667 0.600000 0.633333 0.666667 0.700000 0.733333 0.766667 0.800000 0.833333 0.866667 0.900000 0.933333 0.966667 1.000000 1.033333
1.066667 1.100000 1.133333 1.166667 1.200000 1.233333 1.266667 1.300000 1.333333 1.366667 1.400000</float_array>
        <technique_common>
          <accessor source="#mixamorig_Neck-Matrix-animation-input-array" count="43">
            <param name="TIME" type="float"/>
          </accessor>
        </technique_common>
      </source>
      <source id="mixamorig_Neck-Matrix-animation-output-transform">
        <float_array id="mixamorig_Neck-Matrix-animation-output-transform-array" count="688">

0.999644 -0.010596 -0.024495 -0.056900 0.013159 0.994177 0.106953 14.235800 0.023220 -0.107237 0.993962 -2.088100 0.000000 0.000000 0.000000 1.000000
0.999642 -0.004969 -0.026290 -0.056900 0.007776 0.994143 0.107791 14.235800 0.025600 -0.107957 0.993826 -2.088100 0.000000 0.000000 0.000000 1.000000
0.999630 -0.000219 -0.027186 -0.056900 0.003219 0.993887 0.110357 14.235800 0.026996 -0.110404 0.993520 -2.088100 0.000000 0.000000 0.000000 1.000000
0.999616 0.003544 -0.027471 -0.056900 -0.000392 0.993492 0.113900 14.235800 0.027696 -0.113846 0.993112 -2.088100 0.000000 0.000000 0.000000 1.000000
0.999614 0.006274 -0.027080 -0.056900 -0.003024 0.992957 0.118434 14.235800 0.027632 -0.118306 0.992593 -2.088100 0.000000 0.000000 0.000000 1.000000
0.999630 0.008009 -0.026008 -0.056900 -0.004729 0.992294 0.123813 14.235800 0.026799 -0.123644 0.991965 -2.088100 0.000000 0.000000 0.000000 1.000000
0.999665 0.008860 -0.024314 -0.056900 -0.005633 0.991534 0.129725 14.235800 0.025257 -0.129545 0.991252 -2.088100 0.000000 0.000000 0.000000 1.000000
0.999715 0.008996 -0.022109 -0.056900 -0.005913 0.990730 0.135720 14.235800 0.023125 -0.135551 0.990500 -2.088100 0.000000 0.000000 0.000000 1.000000
0.999772 0.008616 -0.019533 -0.056900 -0.005771 0.989955 0.141267 14.235800 0.020553 -0.141122 0.989779 -2.088100 0.000000 0.000000 0.000000 1.000000
0.999829 0.007924 -0.016718 -0.056900 -0.005401 0.989292 0.145848 14.235800 0.017695 -0.145733 0.989166 -2.088100 0.000000 0.000000 0.000000 1.000000
0.999880 0.007098 -0.013762 -0.056900 -0.004967 0.988816 0.149058 14.235800 0.014666 -0.148972 0.988733 -2.088100 0.000000 0.000000 0.000000 1.000000
0.999923 0.006257 -0.010701 -0.056900 -0.004573 0.988571 0.150689 14.235800 0.011522 -0.150628 0.988523 -2.088100 0.000000 0.000000 0.000000 1.000000
0.999957 0.005432 -0.007510 -0.056900 -0.004238 0.988559 0.150774 14.235800 0.008243 -0.150736 0.988540 -2.088100 0.000000 0.000000 0.000000 1.000000
0.999981 0.004543 -0.004127 -0.056900 -0.003875 0.988742 0.149582 14.235800 0.004760 -0.149564 0.988741 -2.088100 0.000000 0.000000 0.000000 1.000000
0.999994 0.003394 -0.000482 -0.056900 -0.003286 0.989048 0.147559 14.235800 0.000978 -0.147557 0.989053 -2.088100 0.000000 0.000000 0.000000 1.000000
0.999993 0.001701 0.003461 -0.056900 -0.002186 0.989394 0.145242 14.235800 -0.003177 -0.145249 0.989390 -2.088100 0.000000 0.000000 0.000000 1.000000
0.999970 -0.000849 0.007692 -0.056900 -0.000261 0.989699 0.143162 14.235800 -0.007734 -0.143160 0.989669 -2.088100 0.000000 0.000000 0.000000 1.000000
0.999916 -0.004531 0.012143 -0.056900 0.002764 0.989898 0.141751 14.235800 -0.012663 -0.141706 0.989828 -2.088100 0.000000 0.000000 0.000000 1.000000
0.999815 -0.009500 0.016702 -0.056900 0.007046 0.989945 0.141279 14.235800 -0.017876 -0.141136 0.989829 -2.088100 0.000000 0.000000 0.000000 1.000000
0.999651 -0.015731 0.021224 -0.056900 0.012565 0.989814 0.141811 14.235800 -0.023239 -0.141495 0.989666 -2.088100 0.000000 0.000000 0.000000 1.000000
0.999409 -0.022981 0.025555 -0.056900 0.019092 0.989509 0.143202 14.235800 -0.028578 -0.142629 0.989364 -2.088100 0.000000 0.000000 0.000000 1.000000
0.999089 -0.030789 0.029548 -0.056900 0.026188 0.989066 0.145131 14.235800 -0.033693 -0.144225 0.988971 -2.088100 0.000000 0.000000 0.000000 1.000000
0.998711 -0.038509 0.033075 -0.056900 0.033244 0.988553 0.147164 14.235800 -0.038364 -0.145874 0.988559 -2.088100 0.000000 0.000000 0.000000 1.000000
